"<1783681504682>" ,-0.3180693,0.45483664,0.2298999,0.7994382,2.6762774,-0.6762695,6.4516883
"<1783681504710>" ,-0.31472948,0.4493449,0.23329122,0.8028759,2.677002,-0.6753923,6.454852
"<1783681504725>" ,-0.31107113,0.4492416,0.23309353,0.80441546,2.6777842,-0.67462295,6.4566383
"<1783681504760>" ,-0.3042925,0.45361167,0.2296298,0.8055512,2.6793742,-0.67322266,6.459525
"<1783681504793>" ,-0.30299848,0.4546673,0.22645956,0.8063409,2.679533,-0.6729071,6.460843
"<1783681504827>" ,-0.3055799,0.45251065,0.22523066,0.8069239,2.678703,-0.673814,6.461214
"<1783681504860>" ,-0.30887726,0.45186692,0.22465107,0.80619043,2.678134,-0.67525697,6.461352
"<1783681504893>" ,-0.3111937,0.4500446,0.2253408,0.8061265,2.67728,-0.67644864,6.4621334
"<1783681504927>" ,-0.31181076,0.45081097,0.22386351,0.8058713,2.6774511,-0.67652553,6.462679
"<1783681504961>" ,-0.3124046,0.45465285,0.21957766,0.80466133,2.6781268,-0.6761164,6.4629617
"<1783681504996>" ,-0.31452706,0.45731956,0.21565457,0.8033833,2.6776602,-0.67589223,6.4630194
"<1783681505028>" ,-0.31666604,0.4597639,0.21402319,0.8015821,2.6771867,-0.67590004,6.462954
"<1783681505061>" ,-0.31671295,0.46208143,0.21418981,0.8001852,2.6766078,-0.67607033,6.463534
"<1783681505092>" ,-0.31564876,0.46247846,0.21628469,0.79981273,2.6753957,-0.6764736,6.4643474
"<1783681505127>" ,-0.31429476,0.46220025,0.2188083,0.79982036,2.6744375,-0.67707676,6.465502
"<1783681505162>" ,-0.31320694,0.4625241,0.2203472,0.7996374,2.6736555,-0.67772096,6.466487
"<1783681505198>" ,-0.31251356,0.4647313,0.2208575,0.79848737,2.6727877,-0.67829704,6.467358
"<1783681505229>" ,-0.31259552,0.4652773,0.22205663,0.7978044,2.6719906,-0.6789158,6.467588
"<1783681505261>" ,-0.31295583,0.4653804,0.22351845,0.7971946,2.671333,-0.67953736,6.467481
"<1783681505295>" ,-0.31340387,0.4660923,0.22406004,0.7964503,2.6704288,-0.680083,6.4672995
"<1783681505327>" ,-0.31347,0.4658645,0.22309119,0.79682946,2.6703303,-0.68070394,6.466846
"<1783681505362>" ,-0.31353644,0.46687478,0.22122164,0.7967332,2.6704915,-0.6810293,6.466042
"<1783681505395>" ,-0.3138596,0.46791393,0.21947591,0.79647917,2.6706722,-0.68139744,6.465168
"<1783681505429>" ,-0.31350073,0.46800524,0.21811214,0.79694134,2.6708152,-0.68181163,6.464494
"<1783681505461>" ,-0.3121048,0.47032288,0.21574451,0.7967693,2.6712928,-0.68191606,6.4640517
"<1783681505495>" ,-0.3106436,0.47097558,0.2137787,0.7974843,2.671603,-0.68191767,6.4633784
"<1783681505530>" ,-0.30950603,0.46957022,0.21278946,0.79901844,2.6713567,-0.6823558,6.462787
"<1783681505563>" ,-0.309138,0.4705705,0.2120583,0.79876673,2.6709995,-0.68305355,6.4621425
"<1783681505595>" ,-0.30949113,0.47180086,0.21144386,0.79806685,2.669815,-0.68370503,6.4610057
"<1783681505630>" ,-0.3102978,0.47209567,0.21086365,0.7977327,2.6687005,-0.68509203,6.460076
"<1783681505663>" ,-0.3119875,0.4739464,0.21086462,0.7959741,2.6673942,-0.6868261,6.459147
"<1783681505695>" ,-0.31379542,0.474142,0.21206173,0.79482806,2.665339,-0.68858314,6.4580083
"<1783681505728>" ,-0.31505886,0.47409457,0.21282431,0.79415244,2.6633265,-0.690644,6.4572287
"<1783681505762>" ,-0.31541067,0.4785591,0.21227914,0.79147637,2.6616485,-0.6922772,6.4565926
"<1783681505799>" ,-0.31539342,0.48018408,0.21241462,0.790462,2.6594095,-0.6939236,6.4557824
"<1783681505829>" ,-0.3143895,0.47868913,0.21353813,0.7914654,2.6568556,-0.69587183,6.4550157
"<1783681505864>" ,-0.31285468,0.4803759,0.21447375,0.7907983,2.6543167,-0.6978832,6.4544997
"<1783681505896>" ,-0.31251994,0.48116386,0.21601383,0.790032,2.65146,-0.7001265,6.453354
"<1783681505930>" ,-0.31401715,0.48106742,0.21778251,0.78901076,2.6482754,-0.70263267,6.4514966
"<1783681505964>" ,-0.3162371,0.484483,0.21845305,0.7858426,2.6452847,-0.70473576,6.4490523
"<1783681505997>" ,-0.31818002,0.48688865,0.21886666,0.78345287,2.6423655,-0.70684713,6.446586
"<1783681506031>" ,-0.31934893,0.4875905,0.21993232,0.78224134,2.639461,-0.7089948,6.4442163
"<1783681506064>" ,-0.3194906,0.48675644,0.22166246,0.7822146,2.636425,-0.7111351,6.442174
"<1783681506098>" ,-0.3184943,0.48554832,0.22312951,0.7829543,2.6336012,-0.7131928,6.4401207
"<1783681506131>" ,-0.3168524,0.48512816,0.22463365,0.78345066,2.6308956,-0.7153228,6.438033
"<1783681506164>" ,-0.3169356,0.48299804,0.22681876,0.7841033,2.6275916,-0.7178618,6.435602
"<1783681506198>" ,-0.3186712,0.481167,0.22711249,0.7844405,2.6240826,-0.72042084,6.432485
"<1783681506231>" ,-0.31938305,0.48424673,0.22487988,0.7828976,2.6210258,-0.7227894,6.4294434
"<1783681506265>" ,-0.31984085,0.48723885,0.22333664,0.78129435,2.617558,-0.7256858,6.426526
"<1783681506298>" ,-0.32113564,0.4883237,0.22362447,0.78000253,2.6133924,-0.72910905,6.4236736
"<1783681506330>" ,-0.3218496,0.49071535,0.2237344,0.77817357,2.6091304,-0.7326436,6.4211135
"<1783681506365>" ,-0.32148072,0.49572268,0.22227865,0.7755652,2.6047,-0.7361,6.418713
"<1783681506398>" ,-0.32236058,0.50034213,0.22111107,0.7725615,2.6000404,-0.74000436,6.4160175
"<1783681506431>" ,-0.3236818,0.5033942,0.22079277,0.7701136,2.5951595,-0.7442019,6.4130716
"<1783681506464>" ,-0.32408613,0.5063744,0.22036685,0.7681091,2.5907335,-0.7478172,6.410448
"<1783681506499>" ,-0.3233976,0.50831825,0.22028135,0.76713926,2.586309,-0.75149685,6.4077272
"<1783681506532>" ,-0.3237865,0.5084159,0.22064611,0.76680565,2.5816698,-0.7551924,6.4047194
"<1783681506566>" ,-0.32582083,0.51087445,0.22060111,0.76431876,2.5771742,-0.7584018,6.401459
"<1783681506599>" ,-0.3271315,0.5120555,0.22265989,0.7623691,2.5729213,-0.76104534,6.398781
"<1783681506632>" ,-0.32837456,0.50859386,0.22558552,0.7632913,2.5682085,-0.7639533,6.3961487
"<1783681506666>" ,-0.32836995,0.50848573,0.22538573,0.7634243,2.5642629,-0.76621586,6.3936934
"<1783681506700>" ,-0.32713658,0.50760895,0.22455332,0.7647814,2.5603337,-0.7679951,6.3916216
"<1783681506732>" ,-0.3273461,0.5036291,0.22486125,0.76722854,2.555638,-0.7703538,6.3890224
"<1783681506766>" ,-0.32796374,0.502172,0.2239677,0.7681807,2.5503452,-0.7725807,6.3858314
"<1783681506799>" ,-0.32818514,0.50081414,0.22244044,0.7694153,2.544561,-0.77486515,6.3829236
"<1783681506832>" ,-0.3257825,0.49838686,0.22288966,0.7718785,2.5382519,-0.77747566,6.381063
"<1783681506867>" ,-0.32262468,0.497765,0.22546393,0.77285784,2.531318,-0.7802943,6.3797154
"<1783681506900>" ,-0.32223126,0.4986236,0.22864448,0.7715331,2.52431,-0.78339267,6.378828
"<1783681506933>" ,-0.3247606,0.49747866,0.2321883,0.77015203,2.5158734,-0.7869417,6.3765707
"<1783681506967>" ,-0.32754484,0.49861673,0.23389609,0.76771635,2.50769,-0.79028994,6.3742366
"<1783681507000>" ,-0.32879245,0.50076634,0.23402053,0.7657434,2.4996803,-0.7936362,6.3720794
"<1783681507033>" ,-0.3292337,0.50021034,0.23493594,0.7656369,2.4920485,-0.79685795,6.3703613
"<1783681507067>" ,-0.32954684,0.50150794,0.23533455,0.7645302,2.484997,-0.7998846,6.3687363
"<1783681507100>" ,-0.3310622,0.50189257,0.23575327,0.76349336,2.4775076,-0.8030913,6.366647
"<1783681507133>" ,-0.33268562,0.5013624,0.23654275,0.7628916,2.4708073,-0.80610186,6.364632
"<1783681507168>" ,-0.33340776,0.49999672,0.23788185,0.7630562,2.4645934,-0.80882144,6.3626566
"<1783681507200>" ,-0.33328703,0.49867108,0.23877755,0.76369643,2.459648,-0.81083006,6.3609934
"<1783681507234>" ,-0.33243215,0.4972833,0.23815916,0.76516557,2.4551997,-0.81267077,6.359021
"<1783681507268>" ,-0.33258623,0.49563265,0.23643973,0.76670134,2.4507556,-0.81459785,6.3565893
"<1783681507301>" ,-0.3334706,0.49527934,0.23473944,0.7670679,2.4469867,-0.81661665,6.3543315
"<1783681507334>" ,-0.33524296,0.49522647,0.23415169,0.7665089,2.4435718,-0.81875795,6.352458
"<1783681507368>" ,-0.33722332,0.49445608,0.23472658,0.7659615,2.4409118,-0.82050365,6.3512645
"<1783681507401>" ,-0.33745545,0.49523854,0.23624425,0.7648864,2.4385095,-0.82226723,6.3509684
"<1783681507435>" ,-0.33661023,0.49422818,0.23948157,0.7649056,2.4360495,-0.8241539,6.3512864
"<1783681507469>" ,-0.33509862,0.49354416,0.242546,0.7650454,2.434237,-0.8257758,6.3517666
"<1783681507501>" ,-0.33318824,0.49384725,0.2442504,0.76514196,2.4328272,-0.8271556,6.3521066
"<1783681507535>" ,-0.33277848,0.49127755,0.2454497,0.76658934,2.4312103,-0.8286098,6.351798
"<1783681507568>" ,-0.33255905,0.49230176,0.24394774,0.7665069,2.4302788,-0.8294771,6.3511076
"<1783681507602>" ,-0.33300993,0.49103317,0.24288642,0.7674614,2.4293327,-0.83042204,6.350194
"<1783681507635>" ,-0.33427322,0.4880943,0.24292852,0.7687724,2.4283702,-0.8314221,6.349198
"<1783681507668>" ,-0.3343961,0.48916036,0.24059235,0.76877606,2.4282415,-0.8318087,6.34858
"<1783681507702>" ,-0.33489355,0.48947144,0.23863645,0.76897115,2.4281042,-0.8319914,6.3481536
"<1783681507736>" ,-0.33503255,0.4880884,0.24059908,0.76917815,2.4275098,-0.8327249,6.348242
"<1783681507769>" ,-0.33483058,0.4865477,0.24425653,0.76908934,2.4267633,-0.8336146,6.3487144
"<1783681507803>" ,-0.33462843,0.48645657,0.2468415,0.76840943,2.42661,-0.8341039,6.3492117
"<1783681507836>" ,-0.33531004,0.4858408,0.24877319,0.7678787,2.4259846,-0.8349853,6.3493385
"<1783681507870>" ,-0.33549836,0.48666108,0.24892862,0.76722634,2.425809,-0.8352794,6.3493
"<1783681507903>" ,-0.33618367,0.48748228,0.24892695,0.76640517,2.425256,-0.8357223,6.349054
"<1783681507936>" ,-0.33809486,0.48654634,0.25054166,0.7656327,2.4242253,-0.83615565,6.348404
"<1783681507969>" ,-0.34021777,0.4856312,0.25250524,0.7646275,2.4232965,-0.83612424,6.3475194
"<1783681508002>" ,-0.34103134,0.48604426,0.25248253,0.7640099,2.422858,-0.8355682,6.3468223
"<1783681508036>" ,-0.3423354,0.48590082,0.2515889,0.7638127,2.4223604,-0.8349569,6.345967
"<1783681508070>" ,-0.34407568,0.48504198,0.25215712,0.7633891,2.4215758,-0.8346901,6.345157
"<1783681508103>" ,-0.34520784,0.484994,0.2523908,0.76283103,2.4209976,-0.83438915,6.344648
"<1783681508136>" ,-0.3456865,0.48642284,0.2515915,0.7619681,2.4206324,-0.8338952,6.344419
"<1783681508170>" ,-0.34405348,0.4867061,0.25197664,0.76239896,2.4200265,-0.8334714,6.34468
"<1783681508204>" ,-0.34123158,0.4870454,0.25348496,0.7629503,2.4195826,-0.8331838,6.345364
"<1783681508238>" ,-0.339162,0.48898396,0.2540748,0.7624368,2.4191003,-0.8330055,6.345842
"<1783681508270>" ,-0.3385686,0.49018788,0.255379,0.76149106,2.4183052,-0.83334374,6.3459635
"<1783681508304>" ,-0.33939323,0.48816898,0.2586722,0.7613094,2.416869,-0.8345914,6.345771
"<1783681508337>" ,-0.3408618,0.48840925,0.26041156,0.7599048,2.415685,-0.8359254,6.345392
"<1783681508370>" ,-0.34252542,0.48991603,0.25991535,0.7583552,2.4147258,-0.8369629,6.3447657
"<1783681508404>" ,-0.34409449,0.49052247,0.25966802,0.7573369,2.4137814,-0.8379426,6.344164
"<1783681508438>" ,-0.34502372,0.4894544,0.2606005,0.7572849,2.4127274,-0.83866656,6.3436427
"<1783681508471>" ,-0.34439567,0.48981047,0.25973618,0.7576374,2.411839,-0.83876586,6.3432817
"<1783681508504>" ,-0.3439013,0.4915592,0.25735822,0.7575409,2.4114676,-0.8385217,6.3429193
"<1783681508538>" ,-0.34502172,0.49013853,0.25690365,0.75810605,2.4107234,-0.8388551,6.342396
"<1783681508571>" ,-0.3466732,0.48995715,0.2571894,0.7573726,2.4099162,-0.8394447,6.341907
"<1783681508605>" ,-0.34777942,0.4891074,0.25824922,0.757054,2.4094477,-0.8400461,6.3417635
"<1783681508639>" ,-0.3477688,0.48858264,0.25931594,0.7570331,2.4095035,-0.84040314,6.3420367
"<1783681508672>" ,-0.34688106,0.48850718,0.2604307,0.75710636,2.410062,-0.84032214,6.342566
"<1783681508705>" ,-0.3455973,0.48845592,0.26110068,0.75749576,2.4106307,-0.8399765,6.3428607
"<1783681508739>" ,-0.3450558,0.4868293,0.26140094,0.75868523,2.4109488,-0.8396097,6.3428116
"<1783681508772>" ,-0.34467953,0.48622927,0.2611683,0.75932086,2.4113488,-0.8392788,6.342296
"<1783681508805>" ,-0.34501624,0.48840168,0.25849667,0.7586877,2.412063,-0.83883476,6.3417134
"<1783681508839>" ,-0.346919,0.4905282,0.25647256,0.7571334,2.4123895,-0.8388597,6.341003
"<1783681508873>" ,-0.34937692,0.49114984,0.25694224,0.7554392,2.412018,-0.8391519,6.340142
"<1783681508906>" ,-0.3497349,0.49150902,0.25850663,0.75450563,2.4119406,-0.83921003,6.3401155
"<1783681508940>" ,-0.3482097,0.49256328,0.2591889,0.75428945,2.4122906,-0.838682,6.3406153
"<1783681508973>" ,-0.3469872,0.49298227,0.26090732,0.7539866,2.4123352,-0.83814836,6.340831
"<1783681509006>" ,-0.3476491,0.49335802,0.26309484,0.7526745,2.4120266,-0.8379603,6.340823
"<1783681509039>" ,-0.34836647,0.49538794,0.2636574,0.75081044,2.4118564,-0.8375999,6.340848
"<1783681509073>" ,-0.34759098,0.49821246,0.26273137,0.7496246,2.411948,-0.8369484,6.340944
"<1783681509107>" ,-0.34757522,0.501001,0.26228568,0.7479276,2.4118407,-0.83654404,6.3409967
"<1783681509139>" ,-0.34887034,0.50096273,0.26309997,0.74706376,2.4111338,-0.836624,6.3408318
"<1783681509173>" ,-0.3495219,0.5008225,0.26294824,0.74690664,2.410643,-0.8367762,6.340951
"<1783681509208>" ,-0.35047257,0.5026142,0.26069927,0.7460455,2.41067,-0.8369751,6.3407907
"<1783681509240>" ,-0.35306814,0.5030795,0.2588412,0.74515444,2.410671,-0.83762825,6.340178
"<1783681509273>" ,-0.3553243,0.5025239,0.25729156,0.74499357,2.4105027,-0.8379833,6.3394737
"<1783681509307>" ,-0.3555816,0.50264525,0.2546404,0.74569947,2.4110603,-0.83778447,6.339142
"<1783681509341>" ,-0.3541423,0.5022208,0.25288594,0.74726576,2.4117384,-0.83747786,6.339174
"<1783681509374>" ,-0.3535273,0.5017363,0.2526535,0.74796075,2.411878,-0.8374192,6.339661
"<1783681509407>" ,-0.35277498,0.5014495,0.25261638,0.7485206,2.4118927,-0.83773184,6.3400993
"<1783681509440>" ,-0.35176656,0.50056803,0.25263458,0.7495783,2.411755,-0.83821225,6.3404436
"<1783681509474>" ,-0.35256714,0.49991965,0.25142524,0.75004137,2.4112754,-0.8386107,6.3403816
"<1783681509508>" ,-0.3530837,0.49835178,0.24976853,0.7513941,2.4109929,-0.83861303,6.3400483
"<1783681509541>" ,-0.35297236,0.49730575,0.24734136,0.7529408,2.4110339,-0.8382117,6.339671
"<1783681509575>" ,-0.35299546,0.497819,0.24484645,0.75340605,2.411362,-0.8378009,6.3396926
"<1783681509608>" ,-0.35361776,0.49813634,0.24335395,0.75338805,2.4114616,-0.83740276,6.3394475
"<1783681509641>" ,-0.35362834,0.4987538,0.24312647,0.7530479,2.4114733,-0.83697784,6.3393397
"<1783681509674>" ,-0.35291684,0.49984124,0.24369505,0.7524767,2.4120083,-0.83654165,6.339918
"<1783681509709>" ,-0.35168663,0.5004235,0.24447317,0.75241315,2.4121861,-0.83600765,6.3404527
"<1783681509742>" ,-0.3499248,0.5012381,0.24508642,0.75249296,2.412204,-0.83520794,6.340942
"<1783681509776>" ,-0.34900028,0.501992,0.24557254,0.75226116,2.412564,-0.8341018,6.341966
"<1783681509808>" ,-0.34802887,0.5028091,0.24519183,0.7522897,2.4126909,-0.83248556,6.3424063
"<1783681509843>" ,-0.34697407,0.5041278,0.24369526,0.75238067,2.4127707,-0.8302263,6.3424687
"<1783681509876>" ,-0.34585318,0.505468,0.24221666,0.7524751,2.413127,-0.8274781,6.343005
"<1783681509910>" ,-0.34472767,0.50531876,0.24139711,0.7533546,2.4131753,-0.8244568,6.3434095
"<1783681509943>" ,-0.3434176,0.5054992,0.24018268,0.75421953,2.4131732,-0.82102734,6.343798
"<1783681509977>" ,-0.34047753,0.50693995,0.23959726,0.75477153,2.413003,-0.81668216,6.3450575
"<1783681510010>" ,-0.33722076,0.5060472,0.24082947,0.7564387,2.412246,-0.8120781,6.346201
"<1783681510043>" ,-0.33389062,0.50635034,0.24247636,0.75718665,2.411255,-0.80708456,6.3471746
"<1783681510077>" ,-0.3308406,0.5089539,0.24285316,0.756659,2.4101539,-0.8013944,6.3474727
"<1783681510109>" ,-0.32782662,0.5117922,0.2418982,0.7563622,2.4091306,-0.795261,6.3478494
"<1783681510143>" ,-0.3247603,0.5142841,0.24058402,0.75641394,2.408262,-0.788732,6.348389
"<1783681510176>" ,-0.32085255,0.5171754,0.23882294,0.75666827,2.4078662,-0.78182566,6.349119
"<1783681510210>" ,-0.3167648,0.5191868,0.23672141,0.7576728,2.407737,-0.7746718,6.349911
"<1783681510244>" ,-0.31341815,0.52097946,0.23427211,0.7585948,2.4079175,-0.76754326,6.3505626
"<1783681510277>" ,-0.31142405,0.5231211,0.23128787,0.75885785,2.408429,-0.76048225,6.350927
"<1783681510311>" ,-0.31105483,0.52324086,0.2284981,0.75977135,2.4091923,-0.7540195,6.351004
"<1783681510344>" ,-0.31075758,0.52402544,0.22586416,0.7601398,2.4106598,-0.74778605,6.3511786
"<1783681510377>" ,-0.31068498,0.5236492,0.22386116,0.76102066,2.4122944,-0.7411328,6.3514147
"<1783681510411>" ,-0.3100044,0.5229398,0.22250633,0.7621825,2.4146297,-0.7347598,6.351935
"<1783681510444>" ,-0.3081392,0.5233126,0.22067297,0.7632153,2.417811,-0.72840863,6.352701
"<1783681510478>" ,-0.30657774,0.5226876,0.21848276,0.7649006,2.42133,-0.7220253,6.353503
"<1783681510511>" ,-0.30511376,0.5216767,0.21682298,0.76664644,2.4251258,-0.71590376,6.3541775
"<1783681510543>" ,-0.30376557,0.520843,0.21647424,0.7678463,2.4291558,-0.7099796,6.3548613
"<1783681510577>" ,-0.3018321,0.51974344,0.2162953,0.7694027,2.4340737,-0.703983,6.355982
"<1783681510611>" ,-0.29938984,0.5181765,0.21595128,0.7715075,2.4390194,-0.6981439,6.356997
"<1783681510645>" ,-0.2975111,0.5171912,0.21580099,0.7729362,2.4439847,-0.69261855,6.3577414
"<1783681510678>" ,-0.29608518,0.516012,0.21540704,0.7743803,2.4497027,-0.6874301,6.359002
"<1783681510712>" ,-0.29451233,0.51339054,0.21472195,0.7769087,2.4550457,-0.68281335,6.3599696
"<1783681510745>" ,-0.29352462,0.5116172,0.21324764,0.7788559,2.4602304,-0.6785279,6.3607087
"<1783681510778>" ,-0.2929809,0.5125293,0.21105066,0.7790594,2.4661438,-0.6743107,6.361739
"<1783681510812>" ,-0.29280502,0.51258135,0.20895442,0.77965605,2.471591,-0.67064846,6.362825
"<1783681510845>" ,-0.2919605,0.51282895,0.20673728,0.7804007,2.476874,-0.6673901,6.3642516
"<1783681510878>" ,-0.2892953,0.5142044,0.20412745,0.7811748,2.4830048,-0.66418695,6.366547
"<1783681510912>" ,-0.28720182,0.5135053,0.2018774,0.7829897,2.4886465,-0.66162896,6.368815
"<1783681510945>" ,-0.2872695,0.5129225,0.20147058,0.78345156,2.4937632,-0.6596819,6.3709383
"<1783681510979>" ,-0.2874083,0.51248544,0.20281386,0.78334004,2.4987733,-0.6582683,6.37338
"<1783681511013>" ,-0.287416,0.5106484,0.20491403,0.78399,2.5036266,-0.6576081,6.3762765
"<1783681511046>" ,-0.28841677,0.51067805,0.20579849,0.7833714,2.5087447,-0.65686345,6.378874
"<1783681511080>" ,-0.29070795,0.5119872,0.2061535,0.78157455,2.513877,-0.65638316,6.381378
"<1783681511112>" ,-0.29250276,0.51302224,0.20749396,0.77986956,2.518903,-0.6564097,6.3841467
"<1783681511146>" ,-0.2932922,0.51414555,0.21059747,0.77799916,2.523964,-0.65687954,6.3874617
"<1783681511179>" ,-0.2939085,0.5139999,0.21498701,0.7766611,2.5288985,-0.65780896,6.3910236
"<1783681511213>" ,-0.294147,0.51255065,0.21842495,0.77656937,2.5341756,-0.6588583,6.3949685
"<1783681511246>" ,-0.29510766,0.5119924,0.22009878,0.7761004,2.5393243,-0.6604186,6.3984494
"<1783681511280>" ,-0.29740387,0.5127331,0.22057933,0.774597,2.544693,-0.6619542,6.4022584
"<1783681511313>" ,-0.3006727,0.5115773,0.22158055,0.77381307,2.5499337,-0.66391057,6.4059987
"<1783681511346>" ,-0.3033741,0.51093763,0.2234865,0.7726323,2.5553627,-0.6657468,6.410014
"<1783681511380>" ,-0.3049902,0.51026714,0.22660156,0.7715311,2.5607724,-0.6672732,6.414268
"<1783681511414>" ,-0.3058841,0.50791717,0.23033285,0.77162284,2.5657756,-0.6682134,6.4190865
"<1783681511447>" ,-0.306999,0.507429,0.23151241,0.77114815,2.570414,-0.66870326,6.422486
"<1783681511481>" ,-0.30681178,0.5102521,0.23034349,0.7697085,2.5747383,-0.6687421,6.4252667
"<1783681511514>" ,-0.30663985,0.51069653,0.22972955,0.7696657,2.5771792,-0.6690993,6.4275193
"<1783681511547>" ,-0.3056066,0.51123977,0.22985461,0.7696787,2.5790164,-0.66943187,6.429242
"<1783681511581>" ,-0.30383766,0.5131399,0.22996195,0.7690823,2.5801606,-0.6696529,6.4306393
"<1783681511614>" ,-0.30341595,0.51507515,0.23073177,0.7677234,2.5798476,-0.6700148,6.4313765
"<1783681511648>" ,-0.30330977,0.51656586,0.23167962,0.7664772,2.5796187,-0.67031026,6.432139
"<1783681511681>" ,-0.30249575,0.51826805,0.23259689,0.7653714,2.579536,-0.67071223,6.433189
"<1783681511714>" ,-0.30169773,0.52014,0.23418862,0.76392967,2.5784528,-0.67095494,6.4341755
"<1783681511748>" ,-0.3000276,0.5197001,0.23667216,0.7641214,2.5781226,-0.6717266,6.4357224
"<1783681511782>" ,-0.2979353,0.5211667,0.23885335,0.76326203,2.5782104,-0.67263,6.437491
"<1783681511815>" ,-0.29810545,0.52275646,0.24092457,0.7614553,2.5772874,-0.6734494,6.438066
"<1783681511849>" ,-0.2990689,0.52318156,0.24289772,0.7601576,2.5768313,-0.6748019,6.438847
"<1783681511881>" ,-0.29921514,0.52429014,0.24435413,0.75886834,2.5766845,-0.67616063,6.439722
"<1783681511915>" ,-0.2993973,0.52416945,0.24624826,0.7582674,2.5756912,-0.6772784,6.4405136
"<1783681511948>" ,-0.29923567,0.5241172,0.24831207,0.757694,2.5753162,-0.678399,6.4411755
"<1783681511983>" ,-0.29936576,0.525248,0.24955425,0.7564506,2.5752435,-0.6793401,6.4416146
"<1783681512016>" ,-0.3002778,0.52580047,0.25033703,0.75544584,2.5749626,-0.67991996,6.441612
"<1783681512049>" ,-0.30092922,0.5253196,0.25130412,0.7552001,2.5748644,-0.6807605,6.4417005
"<1783681512082>" ,-0.30122772,0.5251399,0.25177407,0.75504947,2.574996,-0.68152565,6.4417953
"<1783681512116>" ,-0.30207157,0.525517,0.2514727,0.75455034,2.5749583,-0.68220603,6.4419994
"<1783681512148>" ,-0.30290842,0.5252949,0.2511561,0.75447494,2.5750055,-0.6829407,6.441924
"<1783681512183>" ,-0.3039359,0.5243902,0.25108498,0.75471467,2.5749576,-0.68381506,6.4418526
"<1783681512217>" ,-0.30500683,0.5248376,0.25037923,0.754206,2.5749652,-0.68453956,6.441836
"<1783681512250>" ,-0.30618146,0.524492,0.2497449,0.7541807,2.5748227,-0.6853687,6.4418783
"<1783681512283>" ,-0.30759588,0.52356726,0.25026214,0.7540762,2.5743825,-0.686357,6.4420295
"<1783681512317>" ,-0.30906013,0.52383566,0.25081307,0.7531074,2.573486,-0.68707067,6.4420443
"<1783681512349>" ,-0.3096175,0.5235697,0.2512012,0.7529341,2.5728087,-0.6876866,6.442399
"<1783681512384>" ,-0.3093424,0.5230263,0.2513853,0.75336325,2.5720923,-0.68842334,6.4431486
"<1783681512417>" ,-0.30871478,0.523785,0.25123087,0.75314504,2.5712368,-0.6888462,6.4439363
"<1783681512449>" ,-0.3081658,0.52400553,0.25133604,0.7531814,2.5698848,-0.6894651,6.4447675
"<1783681512483>" ,-0.30842376,0.5234381,0.25228786,0.75315213,2.5678988,-0.6907736,6.4457397
"<1783681512517>" ,-0.30941147,0.5243926,0.2524012,0.75204426,2.5656123,-0.69265467,6.4467616
"<1783681512551>" ,-0.3107584,0.527283,0.25067082,0.7500439,2.5632253,-0.6950662,6.4477897
"<1783681512584>" ,-0.31134197,0.5283503,0.24942759,0.7494651,2.5602837,-0.6984032,6.4489884
"<1783681512617>" ,-0.31154522,0.5253502,0.24951592,0.75145763,2.5559914,-0.70237327,6.4499693
"<1783681512650>" ,-0.31275353,0.52396876,0.24952595,0.75191677,2.5509953,-0.7060728,6.450701
"<1783681512684>" ,-0.3134889,0.52461815,0.24837033,0.75154024,2.545363,-0.7090892,6.451052
"<1783681512718>" ,-0.3119183,0.52478546,0.2460195,0.752849,2.535548,-0.7120975,6.45134
"<1783681512750>" ,-0.30988824,0.5257718,0.24441263,0.75352234,2.5278876,-0.713786,6.450547
"<1783681512784>" ,-0.30950817,0.5259574,0.24409531,0.7536518,2.5189614,-0.7156966,6.4487133
"<1783681512819>" ,-0.31029123,0.5267118,0.24506705,0.75248665,2.509111,-0.7181438,6.4461517
"<1783681512851>" ,-0.31062388,0.5257797,0.24705799,0.7523502,2.4988024,-0.7216151,6.4433575
"<1783681512885>" ,-0.31110835,0.52401495,0.24921517,0.7526697,2.4882865,-0.7258735,6.4403324
"<1783681512918>" ,-0.3131714,0.52360636,0.25098762,0.75150865,2.4781666,-0.7310145,6.436924
"<1783681512952>" ,-0.31523755,0.5239583,0.25213772,0.75001305,2.468671,-0.73627925,6.4333262
"<1783681512986>" ,-0.31584117,0.52269864,0.25246263,0.7505285,2.4597983,-0.741288,6.429885
"<1783681513018>" ,-0.3156477,0.52057713,0.25300843,0.75189936,2.4518223,-0.7464784,6.426474
"<1783681513053>" ,-0.31714943,0.5187026,0.25262082,0.7526929,2.444388,-0.7518234,6.422403
"<1783681513086>" ,-0.32109782,0.51732844,0.25118718,0.75244427,2.436875,-0.75720495,6.417634
"<1783681513118>" ,-0.3245785,0.51629144,0.24969433,0.75216,2.430093,-0.7626536,6.412808
"<1783681513152>" ,-0.32664046,0.5147335,0.2482878,0.75280046,2.4235783,-0.7680266,6.408195
"<1783681513186>" ,-0.3284456,0.51256084,0.24735048,0.7538054,2.4171379,-0.7733758,6.403839
"<1783681513218>" ,-0.32980517,0.5111151,0.24768527,0.75408345,2.410713,-0.7786082,6.3997555
"<1783681513253>" ,-0.33044386,0.50809747,0.24968643,0.7551824,2.40425,-0.783956,6.396042
"<1783681513287>" ,-0.32842606,0.5020767,0.2523846,0.75918204,2.3979702,-0.7893415,6.3932304
"<1783681513319>" ,-0.32490242,0.4966488,0.25426358,0.7636285,2.392657,-0.794879,6.39106
"<1783681513353>" ,-0.32266164,0.49563944,0.25591412,0.7646822,2.3879094,-0.80024475,6.3888206
"<1783681513387>" ,-0.32143435,0.49509564,0.25776497,0.76492965,2.3830783,-0.80576205,6.386491
"<1783681513420>" ,-0.3220968,0.4968656,0.25816035,0.7633685,2.3788872,-0.81066954,6.3838234
"<1783681513455>" ,-0.321545,0.49990135,0.2582042,0.7616023,2.3753645,-0.81512976,6.381505
"<1783681513487>" ,-0.3201174,0.50026715,0.2586345,0.7618174,2.3723245,-0.8194135,6.379528
"<1783681513519>" ,-0.32084522,0.5015541,0.25876915,0.7606184,2.3694851,-0.8234076,6.377471
"<1783681513553>" ,-0.32064152,0.50281113,0.2591917,0.75973,2.36688,-0.82713497,6.375563
"<1783681513587>" ,-0.3199647,0.50037044,0.2600988,0.7613151,2.364375,-0.8308724,6.373985
"<1783681513620>" ,-0.32192767,0.49717787,0.2597673,0.7626911,2.362,-0.8344907,6.372168
"<1783681513654>" ,-0.32440254,0.49932802,0.2578241,0.760895,2.3604622,-0.8375132,6.370567
"<1783681513687>" ,-0.32655036,0.49967012,0.257827,0.7597498,2.358888,-0.8403061,6.3694444
"<1783681513721>" ,-0.32619843,0.49838254,0.25729838,0.76092505,2.3581052,-0.8418777,6.368919
"<1783681513754>" ,-0.32438153,0.49648246,0.25527176,0.76362175,2.357176,-0.8429872,6.3681855
"<1783681513788>" ,-0.32508227,0.4967692,0.25318694,0.7638314,2.3566327,-0.8434119,6.367265
"<1783681513819>" ,-0.32737482,0.49763167,0.25144365,0.76286596,2.356439,-0.8435453,6.3663745
"<1783681513854>" ,-0.32810944,0.4987997,0.24779052,0.7629829,2.356515,-0.8434701,6.3654675
"<1783681513889>" ,-0.3283752,0.49897242,0.24510214,0.7636237,2.3567474,-0.8433875,6.364915
"<1783681513920>" ,-0.3302098,0.49884528,0.24394724,0.76328546,2.3566892,-0.84337735,6.3644824
"<1783681513954>" ,-0.3325811,0.50165975,0.24165682,0.76113683,2.3567412,-0.84285057,6.3641224
"<1783681513988>" ,-0.33381182,0.50874126,0.23827098,0.7569537,2.3572702,-0.84166664,6.364321
"<1783681514021>" ,-0.3338254,0.51045257,0.23894103,0.75558317,2.3571334,-0.8408812,6.3651667
"<1783681514055>" ,-0.3337566,0.504889,0.24349986,0.7578928,2.355987,-0.84078354,6.36635
"<1783681514089>" ,-0.33160162,0.5028236,0.24556853,0.7595426,2.3556366,-0.8404135,6.3680053
"<1783681514120>" ,-0.3288047,0.5060938,0.2441671,0.75903815,2.3561437,-0.8396747,6.369756
"<1783681514154>" ,-0.32811084,0.50487745,0.24451424,0.7600361,2.3557684,-0.83931744,6.370754
"<1783681514189>" ,-0.32755357,0.5035953,0.24613483,0.7606037,2.3554275,-0.8388581,6.3719745
"<1783681514221>" ,-0.32752064,0.50343347,0.24725911,0.7603603,2.3555672,-0.8380508,6.3733
"<1783681514255>" ,-0.32732207,0.50329554,0.24799871,0.76029634,2.3557844,-0.8369286,6.3741674
"<1783681514289>" ,-0.3252104,0.5045914,0.24781638,0.760403,2.3572195,-0.8353562,6.3757443
"<1783681514321>" ,-0.323322,0.5040956,0.24775417,0.7615565,2.3592834,-0.83378863,6.3776097
"<1783681514356>" ,-0.32192522,0.50265205,0.24789461,0.76305526,2.361811,-0.8320466,6.379521
"<1783681514390>" ,-0.32024828,0.50179785,0.24725407,0.7645295,2.3648367,-0.82954246,6.3813686
"<1783681514423>" ,-0.31891254,0.49899068,0.2471479,0.7669556,2.368497,-0.82689726,6.3831887
"<1783681514457>" ,-0.3176305,0.49571118,0.2468585,0.7697026,2.3729808,-0.8240854,6.385086
"<1783681514490>" ,-0.31741887,0.49265644,0.24563089,0.77214015,2.3781626,-0.8209618,6.3864174
"<1783681514522>" ,-0.31732872,0.4920425,0.2433065,0.7733037,2.3843265,-0.8174417,6.3874965
"<1783681514556>" ,-0.31765333,0.4887928,0.2424621,0.77549344,2.391004,-0.8141879,6.388645
"<1783681514590>" ,-0.31769744,0.48564476,0.2409841,0.7779101,2.398357,-0.81067884,6.389912
"<1783681514622>" ,-0.3177312,0.48562568,0.23828703,0.7787386,2.4065986,-0.8066794,6.391365
"<1783681514657>" ,-0.3191038,0.4822469,0.23709343,0.78063905,2.4149404,-0.80243593,6.392866
"<1783681514691>" ,-0.32174528,0.48050094,0.23760937,0.7804746,2.423465,-0.79855734,6.3945675
"<1783681514722>" ,-0.32545775,0.47897303,0.24042891,0.77900964,2.431974,-0.79496646,6.396365
"<1783681514757>" ,-0.32893437,0.47284755,0.24433178,0.7800765,2.4406967,-0.79148096,6.398348
"<1783681514791>" ,-0.3311156,0.4700458,0.24588639,0.78035843,2.4503965,-0.787452,6.400704
"<1783681514823>" ,-0.33324927,0.46875793,0.2448301,0.7805569,2.4604592,-0.78283286,6.402946
"<1783681514858>" ,-0.33515012,0.46476176,0.24341498,0.7825726,2.470055,-0.77792436,6.405023
"<1783681514891>" ,-0.33577633,0.46349806,0.24174201,0.78357166,2.4793277,-0.7726004,6.407532
"<1783681514923>" ,-0.33569154,0.46337295,0.24079205,0.7839744,2.4882162,-0.76693946,6.4102273
"<1783681514957>" ,-0.33488297,0.4616748,0.24051562,0.78540564,2.496307,-0.76111877,6.412807
"<1783681514991>" ,-0.33276516,0.46152863,0.2404153,0.7864218,2.5044546,-0.75527,6.415385
"<1783681515024>" ,-0.33007085,0.46318305,0.24062237,0.7865212,2.5117273,-0.74962217,6.4180617
"<1783681515057>" ,-0.32757974,0.4638105,0.24140015,0.7869544,2.5178075,-0.74446297,6.4205136
"<1783681515090>" ,-0.3257463,0.46497175,0.24224502,0.7867706,2.5237508,-0.7399709,6.422872
"<1783681515125>" ,-0.32462752,0.46716416,0.24302697,0.7856924,2.5289533,-0.73602283,6.424872
"<1783681515159>" ,-0.322752,0.46958616,0.2441322,0.78467786,2.5332005,-0.73243713,6.4269395
"<1783681515191>" ,-0.32063276,0.4704619,0.24474968,0.78482985,2.5370555,-0.72940826,6.4287024
"<1783681515224>" ,-0.31856057,0.47127178,0.24438633,0.78530085,2.5407536,-0.7270677,6.4301496
"<1783681515259>" ,-0.31657276,0.47495955,0.24306135,0.78429353,2.5445125,-0.72544515,6.4313965
"<1783681515292>" ,-0.31576693,0.47739592,0.24112733,0.7837359,2.5471768,-0.7247884,6.4320354
"<1783681515325>" ,-0.315959,0.477618,0.23900962,0.78417176,2.5495124,-0.7251982,6.4322157
"<1783681515357>" ,-0.31833795,0.47955957,0.2374075,0.7825096,2.5508444,-0.7261868,6.4317694
"<1783681515393>" ,-0.32078037,0.48358,0.2363781,0.7793431,2.552545,-0.72713506,6.431452
"<1783681515425>" ,-0.3226709,0.48410267,0.23722364,0.7779801,2.5541315,-0.72817254,6.431406
"<1783681515458>" ,-0.3231619,0.4848833,0.23909631,0.7767159,2.5558774,-0.72910434,6.4318933
"<1783681515492>" ,-0.322247,0.48645452,0.2413482,0.775416,2.55708,-0.7299906,6.432323
"<1783681515526>" ,-0.3210134,0.48692375,0.24325319,0.77503777,2.5586722,-0.73083144,6.433326
"<1783681515559>" ,-0.3204519,0.48908812,0.24436964,0.77355474,2.560143,-0.7316807,6.434525
"<1783681515592>" ,-0.32095438,0.49091458,0.24603896,0.77165794,2.5614302,-0.73255855,6.435694
"<1783681515626>" ,-0.32109177,0.4921283,0.2477125,0.7702911,2.5626004,-0.7332662,6.436963
"<1783681515659>" ,-0.32083794,0.49429122,0.24858819,0.76872826,2.5637105,-0.7337364,6.4382625
"<1783681515693>" ,-0.32022065,0.4951813,0.24968135,0.76805824,2.564319,-0.7343372,6.4393177
"<1783681515726>" ,-0.32003218,0.49550048,0.25074676,0.76758367,2.5645723,-0.7350703,6.4401755
"<1783681515760>" ,-0.32066348,0.4967874,0.25151855,0.7662347,2.564601,-0.73585874,6.4407873
"<1783681515794>" ,-0.3222568,0.49477038,0.25358602,0.76618993,2.564049,-0.7368275,6.441047
"<1783681515827>" ,-0.32358927,0.49236935,0.2565123,0.76620096,2.5631676,-0.73796016,6.4413095
"<1783681515860>" ,-0.32478788,0.4945256,0.2586426,0.76358443,2.56254,-0.7389059,6.4416842
"<1783681515894>" ,-0.3263555,0.49433324,0.26040882,0.7624395,2.561845,-0.73977715,6.442106
"<1783681515926>" ,-0.32723245,0.49839893,0.26002666,0.75954163,2.5614288,-0.74054086,6.442466
"<1783681515960>" ,-0.32848847,0.5030501,0.2587251,0.7563711,2.5613623,-0.7415376,6.442955
"<1783681515993>" ,-0.33048767,0.5043267,0.25832716,0.7547844,2.5604749,-0.7427019,6.443098
"<1783681516027>" ,-0.33132523,0.5057839,0.25758362,0.7536955,2.5594006,-0.743777,6.443368
"<1783681516060>" ,-0.33119404,0.505342,0.257188,0.7541845,2.5579336,-0.7450466,6.4437094
"<1783681516095>" ,-0.3305034,0.5025445,0.25617865,0.7566961,2.5547514,-0.74761224,6.4443345
"<1783681516127>" ,-0.33036375,0.50272346,0.2547682,0.75711423,2.5518792,-0.7489266,6.4437523
"<1783681516160>" ,-0.33063626,0.49938035,0.25239864,0.75999594,2.5478098,-0.7502647,6.4422617
"<1783681516194>" ,-0.33136216,0.49618477,0.24908692,0.76286006,2.5427382,-0.7513943,6.4404507
"<1783681516226>" ,-0.33157432,0.49718755,0.24543318,0.7632991,2.5375385,-0.7525759,6.438453
"<1783681516261>" ,-0.33222744,0.4956576,0.24314736,0.7647404,2.5318208,-0.75437146,6.436076
"<1783681516295>" ,-0.33415487,0.4948904,0.24118873,0.7650176,2.525917,-0.75623435,6.4335117
"<1783681516328>" ,-0.33488318,0.49648502,0.23935454,0.76424164,2.5205173,-0.75782657,6.4313025
"<1783681516362>" ,-0.33495823,0.49542978,0.2380685,0.76529455,2.515236,-0.759488,6.429234
"<1783681516395>" ,-0.33488783,0.49395525,0.23666604,0.7667121,2.5101311,-0.76099676,6.426838
"<1783681516428>" ,-0.3355955,0.49257424,0.23604265,0.767483,2.5050085,-0.7630781,6.42463
"<1783681516461>" ,-0.3373825,0.49277636,0.23481447,0.7669463,2.5002353,-0.76532567,6.42222
"<1783681516495>" ,-0.33968398,0.4927135,0.23396958,0.7662287,2.495266,-0.7679229,6.4199586
"<1783681516528>" ,-0.34093815,0.49218383,0.2346559,0.7658021,2.4902456,-0.77075016,6.4182696
"<1783681516562>" ,-0.3421716,0.4911863,0.23699191,0.7651728,2.4853013,-0.77345693,6.416784
"<1783681516596>" ,-0.34297046,0.48928374,0.2401161,0.76506,2.480653,-0.775989,6.4157557
"<1783681516629>" ,-0.34412065,0.48820454,0.24250129,0.7644804,2.4767845,-0.7780125,6.414906
"<1783681516662>" ,-0.34712017,0.48759356,0.24334359,0.7632457,2.473798,-0.77909714,6.413638
"<1783681516695>" ,-0.34930357,0.4850695,0.24322073,0.7638967,2.4719014,-0.77907544,6.412174
"<1783681516728>" ,-0.34964958,0.48206875,0.24150859,0.76617783,2.4715567,-0.7783696,6.4113803
"<1783681516763>" ,-0.35029727,0.4779898,0.23920585,0.7691542,2.4716923,-0.7776764,6.4104543
"<1783681516796>" ,-0.35097858,0.4740817,0.23654003,0.77208114,2.4727583,-0.7767464,6.4096065
"<1783681516829>" ,-0.3521239,0.4707084,0.23348388,0.77454996,2.4743915,-0.7757455,6.408748
"<1783681516863>" ,-0.35376146,0.46734712,0.23163223,0.77639294,2.475871,-0.77517176,6.4079227
"<1783681516897>" ,-0.3548763,0.46344185,0.23129593,0.77832294,2.4773517,-0.7747463,6.4073305
"<1783681516930>" ,-0.3556769,0.46069777,0.2303233,0.77987355,2.4789379,-0.7741999,6.406876
"<1783681516963>" ,-0.35636133,0.46015027,0.22873022,0.78035295,2.481069,-0.7733275,6.406648
"<1783681516996>" ,-0.3568792,0.4584239,0.22837892,0.7812348,2.482489,-0.7726804,6.406774
"<1783681517030>" ,-0.35697222,0.45732167,0.22895369,0.78167003,2.483429,-0.7721663,6.4073844
"<1783681517063>" ,-0.35686532,0.45777425,0.230199,0.7810879,2.4844239,-0.77151054,6.4081793
"<1783681517097>" ,-0.35692513,0.4573195,0.23149693,0.78094333,2.4849508,-0.7710938,6.4089975
"<1783681517130>" ,-0.3556558,0.45617077,0.23391847,0.7814725,2.4849303,-0.7709539,6.410616
"<1783681517164>" ,-0.35307044,0.45654315,0.23911333,0.78085494,2.4845347,-0.7708027,6.413707
"<1783681517197>" ,-0.35291517,0.4610689,0.24177179,0.7774399,2.4841821,-0.7706468,6.4159675
"<1783681517231>" ,-0.35502738,0.46388185,0.24127533,0.7749551,2.4840324,-0.7707833,6.4168353
"<1783681517264>" ,-0.35679668,0.46175092,0.24026892,0.77572745,2.4842744,-0.7712767,6.417111
"<1783681517298>" ,-0.3559499,0.45990235,0.23870346,0.7776954,2.4858203,-0.7709481,6.417847
"<1783681517330>" ,-0.35468188,0.4596452,0.23715264,0.7789003,2.487123,-0.770437,6.418376
"<1783681517364>" ,-0.35491273,0.45820427,0.23632394,0.7798953,2.4880774,-0.7698092,6.418558
"<1783681517398>" ,-0.35562158,0.45725513,0.23473991,0.7806075,2.4892864,-0.7693231,6.4181867
"<1783681517431>" ,-0.35551566,0.4541438,0.23453955,0.78253,2.4901254,-0.7692955,6.418081
"<1783681517464>" ,-0.3523387,0.45303115,0.23549476,0.784323,2.4908197,-0.76898277,6.419105
"<1783681517499>" ,-0.35161448,0.45521715,0.23551022,0.783377,2.4914496,-0.7685854,6.41961
"<1783681517531>" ,-0.35322607,0.4544925,0.23716953,0.78257173,2.491532,-0.76884145,6.4196224
"<1783681517565>" ,-0.3547295,0.45362648,0.23897783,0.7818437,2.4916613,-0.7691076,6.4197083
"<1783681517598>" ,-0.35404232,0.45564047,0.23841976,0.78115416,2.492627,-0.768728,6.420085
"<1783681517631>" ,-0.35242563,0.45690587,0.23774326,0.7813523,2.4937701,-0.7680608,6.4205103
"<1783681517666>" ,-0.3519804,0.45555776,0.23883708,0.78200626,2.4947145,-0.7675936,6.4203253
"<1783681517699>" ,-0.3520092,0.45513156,0.23896001,0.7822039,2.4959798,-0.7669919,6.4199667
"<1783681517731>" ,-0.3513061,0.4554124,0.23742394,0.78282404,2.4977431,-0.7660609,6.4196444
"<1783681517766>" ,-0.34923136,0.45529377,0.23604456,0.7842372,2.499723,-0.7650452,6.419583
"<1783681517800>" ,-0.34795618,0.45465642,0.23590942,0.78521377,2.5013692,-0.76410145,6.4196258
"<1783681517833>" ,-0.34680393,0.45666358,0.23546137,0.7846932,2.5032585,-0.76298535,6.4198065
"<1783681517868>" ,-0.34556144,0.4577538,0.23573636,0.7845235,2.5051346,-0.7619413,6.420125
"<1783681517899>" ,-0.34489787,0.4581819,0.23582457,0.7845391,2.507173,-0.7608948,6.4203134
"<1783681517933>" ,-0.34362933,0.46036282,0.23462349,0.78417903,2.5094967,-0.7597906,6.42064
"<1783681517966>" ,-0.34219688,0.46153182,0.23411632,0.78426987,2.5115545,-0.7583971,6.4212303
"<1783681517999>" ,-0.34090948,0.46349198,0.23418368,0.7836542,2.5133479,-0.7572377,6.422036
"<1783681518033>" ,-0.33965954,0.46561044,0.23379807,0.783056,2.5150893,-0.7563333,6.4228644
"<1783681518066>" ,-0.3378354,0.46672353,0.23372222,0.78320515,2.5169358,-0.75552213,6.4239388
"<1783681518100>" ,-0.33618093,0.46763027,0.23445266,0.7831579,2.5183067,-0.7550145,6.425148
"<1783681518134>" ,-0.335384,0.4694247,0.23446469,0.78242207,2.5195003,-0.7545382,6.4261026
"<1783681518167>" ,-0.3347979,0.4712487,0.23432466,0.78161824,2.5207164,-0.75410074,6.4269614
"<1783681518200>" ,-0.33420166,0.4725665,0.23461618,0.78099,2.5224543,-0.7536429,6.4280076
"<1783681518234>" ,-0.3337331,0.4744521,0.23445942,0.7800937,2.5240595,-0.75341046,6.428846
"<1783681518267>" ,-0.33332917,0.4744381,0.23527913,0.7800281,2.5256882,-0.75309616,6.4297323
"<1783681518303>" ,-0.33260822,0.47442707,0.23638411,0.78000855,2.526932,-0.7530418,6.430748
"<1783681518333>" ,-0.33154446,0.47597685,0.23625427,0.77955633,2.5281675,-0.75286764,6.4317384
"<1783681518367>" ,-0.33074248,0.47654638,0.23601687,0.77962106,2.5288737,-0.75255555,6.432441
"<1783681518401>" ,-0.33003882,0.4764098,0.23627906,0.7799232,2.5294693,-0.75224817,6.4331245
"<1783681518435>" ,-0.3294757,0.47697806,0.23597877,0.7799049,2.5302658,-0.75187844,6.433745
"<1783681518468>" ,-0.32903436,0.47728166,0.2347251,0.7802837,2.5311635,-0.7514779,6.43419
"<1783681518501>" ,-0.32887676,0.47669062,0.23405044,0.7809139,2.5318198,-0.75127345,6.434535
"<1783681518534>" ,-0.32815006,0.47702354,0.2336185,0.78114563,2.532494,-0.7509968,6.435097
"<1783681518568>" ,-0.3274055,0.47746292,0.23312244,0.7813378,2.5333486,-0.75053793,6.435713
"<1783681518602>" ,-0.32663056,0.47752613,0.23274724,0.78173524,2.5339243,-0.7500757,6.4361696
"<1783681518635>" ,-0.32584196,0.47829723,0.23196587,0.7818252,2.5344296,-0.74957746,6.436408
"<1783681518668>" ,-0.32551482,0.47725412,0.2315563,0.78271985,2.5346239,-0.74925387,6.4363956
"<1783681518701>" ,-0.32468995,0.4772132,0.2316055,0.7830727,2.5347598,-0.74874663,6.436541
"<1783681518734>" ,-0.32373044,0.4787579,0.2308107,0.7827617,2.5350065,-0.74795836,6.4366274
"<1783681518769>" ,-0.32344472,0.4782466,0.23028229,0.78334785,2.5356917,-0.7472926,6.4366574
"<1783681518802>" ,-0.32330358,0.4780034,0.22976685,0.7837058,2.536034,-0.7467554,6.436607
"<1783681518835>" ,-0.32340464,0.47856632,0.22866365,0.7836432,2.5361912,-0.74615943,6.4364247
"<1783681518868>" ,-0.3233423,0.4782889,0.22720864,0.7842612,2.5363913,-0.74546003,6.4362273
"<1783681518905>" ,-0.32267648,0.47780734,0.22655202,0.7850186,2.5366135,-0.74486184,6.436336
"<1783681518935>" ,-0.322414,0.47766685,0.22657579,0.7852051,2.5367658,-0.7444006,6.4365134
"<1783681518969>" ,-0.32228938,0.4771535,0.22644919,0.7856048,2.536773,-0.74411184,6.4365954
"<1783681519002>" ,-0.32186309,0.47624883,0.22567761,0.7865499,2.5370967,-0.74381226,6.4367547
