"<1783681590522>" ,0.06192265,0.95781255,0.011626187,0.2804024,2.4436233,0.1534282,10.854527
"<1783681590564>" ,0.058798414,0.9580445,0.016724743,0.2800243,2.442957,0.1530326,10.858198
"<1783681590582>" ,0.05605705,0.9579505,0.01711652,0.28088346,2.4432862,0.15247035,10.858007
"<1783681590614>" ,0.05071363,0.95808697,0.01609891,0.28149316,2.4429364,0.15238523,10.859231
"<1783681590648>" ,0.04835342,0.9582379,0.01564954,0.28142005,2.4428525,0.15289146,10.861034
"<1783681590682>" ,0.047585998,0.9576294,0.017743025,0.28349027,2.4431348,0.1540171,10.863198
"<1783681590714>" ,0.049281895,0.95703155,0.018878294,0.2851412,2.44415,0.15565294,10.864835
"<1783681590748>" ,0.05235636,0.9566398,0.017912246,0.28596884,2.445606,0.1579413,10.865809
"<1783681590782>" ,0.053706337,0.95568025,0.016623354,0.2889888,2.4469254,0.16104674,10.866294
"<1783681590816>" ,0.052264772,0.9549158,0.014109363,0.29189894,2.447798,0.1650821,10.865654
"<1783681590849>" ,0.04931956,0.9551794,0.00972173,0.2917283,2.448455,0.16974574,10.863853
"<1783681590882>" ,0.04783034,0.9564159,0.0061249067,0.28799883,2.4493697,0.17492586,10.861646
"<1783681590914>" ,0.048199512,0.95735186,0.0062163323,0.28480786,2.4499874,0.18066831,10.860221
"<1783681590948>" ,0.048929926,0.9574026,0.00815249,0.2844637,2.4501765,0.18680723,10.859629
"<1783681590983>" ,0.049810074,0.95751673,0.009366503,0.2838889,2.449947,0.19268781,10.858463
"<1783681591015>" ,0.05054648,0.9574928,0.012466623,0.28372005,2.448893,0.19856882,10.858306
"<1783681591049>" ,0.050293565,0.9576234,0.018364506,0.28300288,2.447081,0.20444232,10.859061
"<1783681591083>" ,0.048847087,0.9586216,0.023989854,0.2794332,2.4445717,0.209969,10.859473
"<1783681591116>" ,0.046141893,0.95959073,0.030279623,0.2759342,2.4413028,0.21535583,10.860064
"<1783681591149>" ,0.04258065,0.96020997,0.03751337,0.27345282,2.437267,0.22086066,10.8612995
"<1783681591182>" ,0.0389046,0.9610671,0.042139743,0.2702974,2.4329782,0.22650546,10.861644
"<1783681591216>" ,0.036540728,0.96182096,0.045913324,0.26731455,2.428569,0.23194444,10.862183
"<1783681591250>" ,0.03238895,0.9611826,0.05071794,0.26927042,2.4235187,0.23756528,10.86351
"<1783681591284>" ,0.027277872,0.96026164,0.05209823,0.27283552,2.4182687,0.24326503,10.864183
"<1783681591316>" ,0.02244974,0.9601789,0.05085101,0.27380028,2.413482,0.24875402,10.8641615
"<1783681591350>" ,0.018319782,0.9606308,0.051569942,0.27238473,2.4088156,0.25429276,10.864227
"<1783681591383>" ,0.013399064,0.9602663,0.05404159,0.2734751,2.4042108,0.26060492,10.864674
"<1783681591416>" ,0.0094908485,0.9599292,0.056414247,0.27434137,2.4000888,0.2667318,10.864693
"<1783681591450>" ,0.0071992907,0.959468,0.05938829,0.2753948,2.396421,0.27288064,10.864381
"<1783681591484>" ,0.0062265694,0.95886564,0.06306812,0.2766951,2.3929098,0.27938023,10.863832
"<1783681591516>" ,0.0048403344,0.95782864,0.06740775,0.27927947,2.389264,0.2864997,10.8630295
"<1783681591551>" ,0.0035627652,0.9567784,0.070162,0.2822049,2.3859475,0.2940672,10.861595
"<1783681591583>" ,0.0025170112,0.9563549,0.07160489,0.28328726,2.3831465,0.30203056,10.859447
"<1783681591617>" ,0.0003120323,0.95597535,0.07393864,0.283979,2.3802218,0.31008744,10.857189
"<1783681591650>" ,-0.0031089815,0.9556145,0.076041654,0.28462064,2.3772814,0.31800628,10.8548355
"<1783681591684>" ,-0.004398837,0.9566416,0.0779164,0.28061807,2.37487,0.32559878,10.852351
"<1783681591717>" ,-0.0045709433,0.9582729,0.08247792,0.27365956,2.3727157,0.33258244,10.850512
"<1783681591751>" ,-0.0068605896,0.9589403,0.08808139,0.26949584,2.3701923,0.33910418,10.84976
"<1783681591785>" ,-0.0096051665,0.9587214,0.09297598,0.26854497,2.3673356,0.34522334,10.849918
"<1783681591817>" ,-0.011082202,0.9574721,0.09873432,0.27087992,2.3645732,0.3504132,10.85129
"<1783681591851>" ,-0.012477565,0.9555192,0.1020425,0.27643213,2.3619049,0.35466164,10.853037
"<1783681591885>" ,-0.014154135,0.9538174,0.10313085,0.28177294,2.3590114,0.35816544,10.855023
"<1783681591917>" ,-0.015679315,0.95212173,0.10506904,0.28666863,2.3564734,0.3609119,10.856741
"<1783681591951>" ,-0.018016988,0.9511675,0.10569621,0.28945467,2.3543766,0.36307698,10.857676
"<1783681591985>" ,-0.02064845,0.95159894,0.10414145,0.28842276,2.3530207,0.36483726,10.8577
"<1783681592018>" ,-0.022983048,0.95155555,0.10506501,0.28805405,2.351737,0.36638337,10.858218
"<1783681592052>" ,-0.023169018,0.95156264,0.10608875,0.28764006,2.3510513,0.36773625,10.859107
"<1783681592087>" ,-0.022437796,0.95165646,0.10662645,0.28718865,2.3515277,0.36861664,10.858992
"<1783681592118>" ,-0.023188807,0.9509917,0.10813262,0.28876358,2.3514123,0.36962983,10.85985
"<1783681592151>" ,-0.024109231,0.9503006,0.10916643,0.2905688,2.351191,0.3705426,10.861111
"<1783681592186>" ,-0.023822028,0.9506849,0.10915564,0.28933677,2.3521392,0.37092704,10.860937
"<1783681592219>" ,-0.023270007,0.9509952,0.10896823,0.28843108,2.3529208,0.3711936,10.861263
"<1783681592252>" ,-0.023009295,0.95032674,0.10901558,0.29062897,2.3534555,0.37135428,10.862163
"<1783681592286>" ,-0.021327773,0.9510498,0.10609111,0.2894719,2.3550541,0.37092248,10.861535
"<1783681592318>" ,-0.01948651,0.95216763,0.10267743,0.28714874,2.3565526,0.37052563,10.861161
"<1783681592353>" ,-0.019180734,0.95203483,0.1021071,0.28781217,2.3574157,0.37039366,10.861927
"<1783681592386>" ,-0.018030832,0.9518582,0.10189835,0.2885438,2.358177,0.37077206,10.863089
"<1783681592420>" ,-0.015495292,0.9522042,0.101362236,0.287737,2.359173,0.37095088,10.864689
"<1783681592453>" ,-0.013088563,0.95259434,0.10165547,0.28645915,2.359892,0.37109894,10.866864
"<1783681592487>" ,-0.012722811,0.9527281,0.10226441,0.28581357,2.359844,0.37158936,10.869413
"<1783681592519>" ,-0.013086527,0.95287544,0.10240884,0.2852535,2.3593862,0.37196583,10.872131
"<1783681592553>" ,-0.014562394,0.95226884,0.10560018,0.28604305,2.358455,0.37226254,10.87556
"<1783681592588>" ,-0.015272819,0.9523608,0.10950322,0.2842262,2.3579085,0.37280566,10.8787565
"<1783681592620>" ,-0.015959086,0.9528113,0.11419836,0.28081074,2.3574347,0.37289697,10.88212
"<1783681592654>" ,-0.0153412465,0.95453775,0.11716777,0.27366766,2.3573892,0.3725719,10.885061
"<1783681592689>" ,-0.015142721,0.9558471,0.119545296,0.26802215,2.3573132,0.37228778,10.888168
"<1783681592721>" ,-0.016177053,0.95639837,0.1208213,0.2654103,2.357266,0.3718229,10.8913555
"<1783681592754>" ,-0.017039046,0.95706123,0.12033688,0.26317772,2.3574152,0.37118635,10.89438
"<1783681592787>" ,-0.017856529,0.95730096,0.11881961,0.26294076,2.357573,0.37053996,10.897217
"<1783681592821>" ,-0.016562512,0.9573367,0.11804572,0.26324365,2.3579075,0.36958498,10.900559
"<1783681592854>" ,-0.014052057,0.9570893,0.11973738,0.2635254,2.3581169,0.36849898,10.904693
"<1783681592888>" ,-0.012652897,0.9563382,0.12414343,0.26428297,2.3575037,0.367578,10.909223
"<1783681592921>" ,-0.012032257,0.95593905,0.12997617,0.26294857,2.3564847,0.36662692,10.913673
"<1783681592955>" ,-0.011918863,0.95670325,0.134494,0.25785306,2.3552465,0.36579412,10.917308
"<1783681592988>" ,-0.014231847,0.9579467,0.13648193,0.25200817,2.353408,0.36540833,10.919762
"<1783681593021>" ,-0.017758613,0.95962685,0.13672145,0.24516949,2.3515575,0.3651146,10.921032
"<1783681593055>" ,-0.02210175,0.9605915,0.13590203,0.24146664,2.3495028,0.3648804,10.921811
"<1783681593089>" ,-0.026100904,0.9610751,0.13202406,0.24129453,2.3476157,0.3643956,10.921927
"<1783681593122>" ,-0.02835312,0.9604676,0.12735623,0.24592373,2.346033,0.36376947,10.922053
"<1783681593155>" ,-0.029482288,0.9583826,0.12351457,0.25569052,2.344417,0.3632241,10.922506
"<1783681593189>" ,-0.0308278,0.9567219,0.11680273,0.26474518,2.3426716,0.36267942,10.922394
"<1783681593222>" ,-0.03369661,0.95610815,0.110586464,0.26924407,2.3408887,0.3623535,10.92136
"<1783681593256>" ,-0.035930034,0.95744944,0.10471921,0.26652104,2.3393378,0.362135,10.919607
"<1783681593290>" ,-0.03989698,0.9586485,0.10034774,0.26330894,2.3376281,0.3619297,10.9182005
"<1783681593323>" ,-0.04322222,0.95966935,0.0998688,0.25921544,2.3360384,0.36174765,10.91769
"<1783681593356>" ,-0.044929598,0.95990765,0.10063764,0.2577415,2.334678,0.3614288,10.91787
"<1783681593390>" ,-0.045592148,0.9586337,0.10059986,0.26234037,2.3336968,0.36082098,10.918187
"<1783681593423>" ,-0.04493293,0.9569994,0.10151423,0.2680075,2.332973,0.36002713,10.919313
"<1783681593456>" ,-0.043103572,0.95647365,0.10115775,0.27030984,2.33283,0.35896116,10.919685
"<1783681593490>" ,-0.03930305,0.9575601,0.10175237,0.26679638,2.3334737,0.35780448,10.919878
"<1783681593522>" ,-0.036457077,0.9584486,0.10567992,0.26244786,2.3340435,0.35693258,10.920986
"<1783681593557>" ,-0.034104392,0.959267,0.108297095,0.25867993,2.33475,0.35607105,10.921984
"<1783681593590>" ,-0.031704195,0.9598827,0.11014898,0.25590497,2.3361535,0.3553723,10.922482
"<1783681593623>" ,-0.0306203,0.9592762,0.11113351,0.25787777,2.3370004,0.3545945,10.92334
"<1783681593657>" ,-0.028700272,0.95908076,0.109708,0.2594311,2.338223,0.35359436,10.923815
"<1783681593690>" ,-0.026595453,0.9589032,0.10959518,0.26035792,2.3398592,0.35302094,10.923471
"<1783681593723>" ,-0.02447901,0.95873624,0.11025289,0.2609021,2.341383,0.3521716,10.9241085
"<1783681593757>" ,-0.021815617,0.9588437,0.11210825,0.25995094,2.3429945,0.35139585,10.9250965
"<1783681593791>" ,-0.020014586,0.958725,0.11296438,0.26016316,2.3450677,0.3509735,10.925699
"<1783681593824>" ,-0.017315933,0.9589409,0.11339704,0.25937146,2.3469791,0.35044602,10.92638
"<1783681593858>" ,-0.015566568,0.9589605,0.1145121,0.25891998,2.3484309,0.35000846,10.927292
"<1783681593891>" ,-0.0142546315,0.95930177,0.116131,0.25700316,2.3497813,0.3498921,10.928062
"<1783681593924>" ,-0.014638005,0.9599195,0.11735074,0.2541044,2.3507133,0.34999472,10.928455
"<1783681593958>" ,-0.016649336,0.9607401,0.1160071,0.2514827,2.3513124,0.35014746,10.928117
"<1783681593991>" ,-0.018826457,0.9613366,0.11440424,0.249778,2.351615,0.3505029,10.927656
"<1783681594024>" ,-0.021091398,0.961833,0.11246021,0.24856609,2.3516805,0.35083044,10.92712
"<1783681594058>" ,-0.023557832,0.9620272,0.11035624,0.24853599,2.3515484,0.35116583,10.92647
"<1783681594092>" ,-0.025356188,0.9623376,0.10827483,0.24807249,2.3516607,0.3514815,10.925584
"<1783681594124>" ,-0.026503686,0.9626287,0.10971168,0.2461844,2.3515897,0.35152155,10.92575
"<1783681594158>" ,-0.026918868,0.9629687,0.11228764,0.24363522,2.3516357,0.35142428,10.926383
"<1783681594193>" ,-0.02666515,0.9634593,0.11503374,0.24042134,2.35183,0.3515003,10.927105
"<1783681594225>" ,-0.025572266,0.9638459,0.11701854,0.23802069,2.3522007,0.35126898,10.927818
"<1783681594259>" ,-0.024830949,0.9639966,0.11889278,0.23655531,2.3524632,0.35099667,10.928499
"<1783681594294>" ,-0.024957785,0.9641576,0.11860379,0.2360306,2.3525572,0.35064897,10.928657
"<1783681594326>" ,-0.024383476,0.9643819,0.11847352,0.23523815,2.3527389,0.35028657,10.928564
"<1783681594359>" ,-0.025226112,0.9641042,0.117821224,0.23661123,2.3526201,0.3499838,10.92833
"<1783681594394>" ,-0.026568772,0.9646315,0.114942625,0.23572943,2.3524055,0.34975278,10.92746
"<1783681594426>" ,-0.026318198,0.9646908,0.11782883,0.23408398,2.351881,0.34927502,10.927878
"<1783681594460>" ,-0.025934447,0.9648983,0.11951668,0.23240991,2.3514416,0.34881854,10.9279585
"<1783681594493>" ,-0.025980115,0.96528786,0.11848116,0.23131473,2.3509953,0.34849656,10.9270935
"<1783681594526>" ,-0.026085049,0.9652302,0.12114387,0.23016156,2.3502593,0.3480966,10.9272
"<1783681594559>" ,-0.025965562,0.9653224,0.12375492,0.22839256,2.3495667,0.34770292,10.927303
"<1783681594593>" ,-0.02595934,0.9658957,0.12335116,0.2261769,2.349111,0.34716812,10.926734
"<1783681594630>" ,-0.026244795,0.9662092,0.12402614,0.22442956,2.348602,0.34655476,10.926397
"<1783681594659>" ,-0.026919719,0.966453,0.12505129,0.22272418,2.34785,0.34598422,10.926231
"<1783681594694>" ,-0.028067736,0.9669941,0.12366891,0.22099909,2.3471925,0.3456341,10.925599
"<1783681594730>" ,-0.030166427,0.9674356,0.12270017,0.2193237,2.34646,0.3453781,10.925056
"<1783681594761>" ,-0.03185612,0.96749574,0.12385554,0.21816714,2.3457892,0.34496295,10.925003
"<1783681594797>" ,-0.032280095,0.9678793,0.122978225,0.21689615,2.345471,0.34467727,10.924482
"<1783681594828>" ,-0.032937817,0.9679919,0.12361031,0.21593349,2.345208,0.34463,10.923927
"<1783681594861>" ,-0.035104614,0.96801794,0.123525366,0.21552339,2.345022,0.34477392,10.922917
"<1783681594894>" ,-0.0369928,0.9679534,0.123383865,0.21557881,2.3449116,0.34472892,10.9216795
"<1783681594927>" ,-0.036467094,0.96770185,0.123663984,0.21663441,2.3454926,0.3446908,10.920776
"<1783681594961>" ,-0.03443907,0.9674732,0.12339948,0.21813314,2.3464787,0.34436482,10.920077
"<1783681594994>" ,-0.032410312,0.9673614,0.12224821,0.21958329,2.347527,0.34353527,10.919678
"<1783681595030>" ,-0.03068231,0.96738374,0.12038052,0.22076194,2.348611,0.342578,10.918886
"<1783681595061>" ,-0.028897863,0.96724254,0.11868421,0.22253284,2.34982,0.34146708,10.918146
"<1783681595094>" ,-0.027280826,0.96681786,0.1178492,0.22501227,2.3515859,0.3406909,10.91777
"<1783681595128>" ,-0.025986131,0.9663495,0.1176338,0.22727898,2.3528621,0.3397219,10.917324
"<1783681595162>" ,-0.02397826,0.96590173,0.11714914,0.22964098,2.3541892,0.3388574,10.91687
"<1783681595195>" ,-0.022662845,0.96550846,0.11707612,0.23145837,2.3551733,0.3380474,10.916738
"<1783681595229>" ,-0.022596357,0.96542203,0.11571874,0.23250543,2.355835,0.33744788,10.916051
"<1783681595262>" ,-0.023274008,0.9654793,0.11492393,0.23259498,2.356141,0.33723775,10.915111
"<1783681595295>" ,-0.024347765,0.96566206,0.114854224,0.2317593,2.3561146,0.33739358,10.914368
"<1783681595328>" ,-0.02521301,0.96589446,0.11515836,0.23054433,2.3559895,0.3375103,10.913224
"<1783681595362>" ,-0.025017029,0.96605766,0.116253585,0.22932903,2.3559475,0.33770776,10.912039
"<1783681595395>" ,-0.02562673,0.9663059,0.11684391,0.2279113,2.3557196,0.33817813,10.9114485
"<1783681595428>" ,-0.027205104,0.9666554,0.11690973,0.22620642,2.3554106,0.33835506,10.909873
"<1783681595462>" ,-0.027230918,0.96690124,0.11730537,0.22494428,2.3554413,0.3383753,10.908195
"<1783681595496>" ,-0.026148172,0.96711177,0.11739745,0.22411805,2.3556972,0.3386401,10.906799
"<1783681595530>" ,-0.024888678,0.9672361,0.11722817,0.2238134,2.3563197,0.3383978,10.904949
"<1783681595564>" ,-0.02405759,0.96725947,0.11665406,0.22410287,2.3571496,0.3380491,10.90295
"<1783681595595>" ,-0.02311738,0.96721756,0.115890406,0.22477788,2.3582087,0.33765644,10.900787
"<1783681595629>" ,-0.021415267,0.96698666,0.11573063,0.22601883,2.3594322,0.33726138,10.898628
"<1783681595662>" ,-0.019836705,0.9667995,0.11555611,0.22705075,2.3606565,0.33689427,10.896334
"<1783681595696>" ,-0.018926103,0.9667002,0.11493264,0.22786614,2.3614068,0.33639202,10.893803
"<1783681595729>" ,-0.018421799,0.96663314,0.11420872,0.22855505,2.362248,0.335982,10.891049
"<1783681595762>" ,-0.018225731,0.96645033,0.11370737,0.22959138,2.3630965,0.33551958,10.88826
"<1783681595796>" ,-0.017244088,0.96617156,0.113328405,0.23102325,2.3641858,0.33476862,10.885454
"<1783681595829>" ,-0.015658654,0.9658897,0.112511866,0.23270789,2.3654916,0.33390117,10.882364
"<1783681595863>" ,-0.014246661,0.9654684,0.111816436,0.23487183,2.3668742,0.3329975,10.878935
"<1783681595896>" ,-0.012802775,0.96503145,0.1113301,0.23697266,2.3681939,0.3323546,10.875099
"<1783681595930>" ,-0.012135814,0.9646546,0.11049398,0.23892514,2.3694448,0.33187157,10.870834
"<1783681595963>" ,-0.011643338,0.9642538,0.10983148,0.24086525,2.3706775,0.33149844,10.866359
"<1783681595997>" ,-0.008937335,0.9637325,0.10998129,0.24298956,2.3719559,0.3310507,10.861561
"<1783681596030>" ,-0.005694586,0.9633396,0.110019214,0.24462241,2.3730862,0.33052322,10.85665
"<1783681596063>" ,-0.0033131524,0.96329683,0.109375395,0.24512297,2.3737423,0.32997215,10.851324
"<1783681596097>" ,-0.0020823814,0.9634851,0.10918698,0.24447958,2.373415,0.32971346,10.845243
"<1783681596130>" ,-0.0013077336,0.96379906,0.10944459,0.24312866,2.3728428,0.32964987,10.839241
"<1783681596163>" ,-0.00203304,0.96416664,0.109619826,0.24158241,2.3720899,0.32973802,10.833252
"<1783681596198>" ,-0.0032642845,0.96445817,0.109246425,0.24057208,2.372142,0.3293665,10.825987
"<1783681596230>" ,-0.0017743239,0.96436965,0.108507045,0.2412762,2.3721695,0.32880366,10.820155
"<1783681596264>" ,0.0023265386,0.96385956,0.10751527,0.24374133,2.372776,0.3278116,10.814915
"<1783681596298>" ,0.0059001516,0.963228,0.106115244,0.2467723,2.3745098,0.32572252,10.807955
"<1783681596330>" ,0.009206368,0.9625768,0.10448115,0.24988975,2.3755343,0.32428434,10.802339
"<1783681596364>" ,0.012501009,0.96177214,0.10411732,0.25297755,2.37598,0.32351536,10.797964
"<1783681596398>" ,0.014982614,0.96105933,0.104081064,0.2555534,2.3762815,0.3233417,10.792909
"<1783681596431>" ,0.01706208,0.96026194,0.1045632,0.25820997,2.3763463,0.32315302,10.789024
"<1783681596464>" ,0.018014396,0.95948637,0.1046279,0.2609872,2.3762093,0.32290286,10.785856
"<1783681596498>" ,0.018895626,0.9583341,0.10428495,0.26526096,2.3764324,0.32273924,10.78055
"<1783681596532>" ,0.019922167,0.95737505,0.10359033,0.2688962,2.3765,0.3223548,10.777833
"<1783681596565>" ,0.021092871,0.9564549,0.10227735,0.27255923,2.376503,0.32165122,10.775431
"<1783681596598>" ,0.022442799,0.95557195,0.10069934,0.2761126,2.37688,0.3215913,10.770953
"<1783681596632>" ,0.021465015,0.9547646,0.09984464,0.27927554,2.3765028,0.32147184,10.768588
"<1783681596665>" ,0.018368552,0.954239,0.09900445,0.2815822,2.3756804,0.3217386,10.766468
"<1783681596699>" ,0.017044675,0.95375484,0.09952125,0.28311947,2.3753479,0.3223496,10.761237
"<1783681596732>" ,0.016905647,0.9534597,0.1016879,0.28335193,2.374311,0.32303607,10.759593
"<1783681596766>" ,0.013713565,0.9540823,0.10245034,0.2811456,2.3723247,0.32380205,10.757819
"<1783681596799>" ,0.008548684,0.955448,0.1016804,0.27696064,2.3709967,0.32472032,10.747914
"<1783681596833>" ,0.004640942,0.9569524,0.10078709,0.27214426,2.3684125,0.32506907,10.7443695
"<1783681596866>" ,0.001320898,0.9584558,0.099539906,0.2673062,2.365715,0.3251452,10.741363
"<1783681596900>" ,-0.001278532,0.9598436,0.09761118,0.26300314,2.3644683,0.32496274,10.732565
"<1783681596933>" ,-0.0031864555,0.96091044,0.09477679,0.26011232,2.3625534,0.32434326,10.728728
"<1783681596966>" ,-0.002417789,0.9611707,0.09350058,0.25962016,2.361359,0.323816,10.725932
"<1783681597000>" ,-0.00014892808,0.9609199,0.0923345,0.26097342,2.3626993,0.3236469,10.716975
"<1783681597033>" ,0.0024325727,0.96044606,0.09044062,0.26335895,2.3628204,0.32274288,10.713945
"<1783681597066>" ,0.0057093953,0.959938,0.088568896,0.2657857,2.3628407,0.32165986,10.711696
"<1783681597100>" ,0.008642063,0.95938003,0.08775756,0.26798105,2.363078,0.3204567,10.707336
"<1783681597133>" ,0.010913811,0.9584303,0.09026706,0.27045164,2.3627388,0.32007173,10.705103
"<1783681597167>" ,0.01245556,0.95733476,0.09355637,0.2731341,2.3620152,0.3201843,10.701021
"<1783681597203>" ,0.014353246,0.9562083,0.09696769,0.27578422,2.3610363,0.32077524,10.697555
"<1783681597234>" ,0.013846176,0.95571774,0.09805493,0.27712265,2.3594613,0.32151565,10.693993
"<1783681597267>" ,0.012295876,0.95593446,0.09793389,0.27649072,2.3572724,0.32214838,10.690126
"<1783681597302>" ,0.0109944455,0.95651054,0.09798073,0.27452937,2.354506,0.32253376,10.6841755
"<1783681597335>" ,0.008079746,0.9572595,0.09843384,0.27184504,2.3515823,0.32330835,10.680073
"<1783681597368>" ,0.0040212795,0.957849,0.09877082,0.2697284,2.3487575,0.32416868,10.676413
"<1783681597402>" ,0.0010187711,0.95792365,0.099298045,0.26929736,2.3463879,0.32528603,10.670966
"<1783681597435>" ,0.0017822669,0.95725983,0.1008488,0.2710719,2.3450472,0.3257489,10.668208
"<1783681597469>" ,0.003339809,0.9561229,0.10283038,0.27430612,2.344095,0.32605127,10.665931
"<1783681597502>" ,0.0027016876,0.95509136,0.102273166,0.27808866,2.3432019,0.3260207,10.662614
"<1783681597534>" ,0.0028033785,0.9539641,0.10103062,0.28237808,2.3423657,0.32591,10.659704
"<1783681597568>" ,0.0058249347,0.9524692,0.10142211,0.2871969,2.341335,0.3253731,10.656661
"<1783681597601>" ,0.009152004,0.9511632,0.10053998,0.29171306,2.340456,0.32444233,10.654064
"<1783681597635>" ,0.011145131,0.9502863,0.09781127,0.2954058,2.3391054,0.32312363,10.650972
"<1783681597669>" ,0.011102077,0.94963866,0.09387921,0.29874697,2.3372335,0.32177842,10.647407
"<1783681597702>" ,0.009780069,0.9488837,0.09087612,0.3021019,2.334351,0.32158732,10.643093
"<1783681597735>" ,0.007180175,0.9482746,0.0892608,0.30455902,2.3314912,0.32152298,10.639411
"<1783681597769>" ,0.0028887878,0.94805574,0.08795593,0.30568892,2.3282177,0.32191625,10.635721
"<1783681597802>" ,0.00034102416,0.94799465,0.086310975,0.30636016,2.3245997,0.32291466,10.630584
"<1783681597835>" ,-0.00024776655,0.94801366,0.08539765,0.30655706,2.3216174,0.3235316,10.627195
"<1783681597869>" ,-0.00030209855,0.9480792,0.085253805,0.30639425,2.3187413,0.32388338,10.624269
"<1783681597903>" ,0.0003071014,0.94804317,0.08511709,0.30654368,2.3156352,0.3238848,10.617998
"<1783681597936>" ,0.0018457095,0.94786215,0.08505944,0.30711362,2.3131957,0.32367593,10.615099
"<1783681597969>" ,0.0039368016,0.9473467,0.08554956,0.30854502,2.3110309,0.32352215,10.612858
"<1783681598003>" ,0.0059408164,0.94653016,0.08602918,0.31087676,2.3086731,0.3235509,10.607772
"<1783681598036>" ,0.0071156113,0.9456229,0.08596737,0.31361797,2.3065572,0.32339308,10.605271
"<1783681598069>" ,0.007998091,0.9446991,0.08547339,0.3165025,2.3043723,0.3231093,10.602983
"<1783681598103>" ,0.009900132,0.94378054,0.08549988,0.31917086,2.3013978,0.32279605,10.598047
"<1783681598137>" ,0.010411009,0.94322693,0.0856105,0.32075763,2.298381,0.32272887,10.594944
"<1783681598170>" ,0.0073398584,0.9432272,0.084063195,0.32125062,2.293877,0.32255042,10.588738
"<1783681598202>" ,0.0034351675,0.9431143,0.08278613,0.32197854,2.2897677,0.3227028,10.584702
"<1783681598236>" ,0.0017610965,0.94249755,0.08298303,0.32374224,2.2860389,0.32298774,10.581427
"<1783681598270>" ,0.001193936,0.9414553,0.08358941,0.32660875,2.282734,0.32281077,10.577116
"<1783681598304>" ,0.00014321572,0.9402919,0.083758,0.3299026,2.2793224,0.32289574,10.57409
"<1783681598337>" ,0.00041248967,0.9390292,0.084265575,0.33335155,2.2760425,0.32287878,10.571453
"<1783681598370>" ,0.0012856174,0.9377805,0.08483546,0.33670315,2.2728424,0.32261753,10.567457
"<1783681598404>" ,-0.00036825193,0.9375947,0.084436364,0.3373224,2.2685277,0.3227231,10.563686
"<1783681598438>" ,-0.0063885325,0.9403983,0.084869236,0.32925278,2.2628045,0.3231272,10.559059
"<1783681598471>" ,-0.0142540615,0.9430194,0.08522553,0.32132217,2.2570872,0.32358617,10.554419
"<1783681598504>" ,-0.01931573,0.9443914,0.08636372,0.31669077,2.252591,0.3238387,10.550207
"<1783681598538>" ,-0.018533481,0.9446251,0.08777878,0.31564978,2.2493298,0.32374853,10.547831
"<1783681598571>" ,-0.017397834,0.9449686,0.08771697,0.31470194,2.2465775,0.32352957,10.545711
"<1783681598605>" ,-0.01793208,0.9456707,0.086814836,0.31280765,2.2443774,0.32318074,10.54384
"<1783681598639>" ,-0.016958138,0.9466288,0.08726743,0.30982372,2.2421088,0.323085,10.541973
"<1783681598671>" ,-0.016448256,0.9475504,0.087752365,0.30688292,2.2402143,0.32344815,10.541589
"<1783681598704>" ,-0.01732529,0.9484835,0.08746766,0.30402023,2.2380571,0.32356268,10.540419
"<1783681598737>" ,-0.018617919,0.94907874,0.086701676,0.3023008,2.2360091,0.32348284,10.538902
"<1783681598771>" ,-0.019280255,0.9495303,0.08607707,0.30101693,2.234274,0.3233028,10.537668
"<1783681598806>" ,-0.019607956,0.95001614,0.08547059,0.29963252,2.2329226,0.3231984,10.537085
"<1783681598839>" ,-0.020165514,0.95058507,0.08480452,0.29797566,2.2315502,0.3230632,10.5361
"<1783681598872>" ,-0.019934425,0.9511308,0.0845929,0.29630518,2.2308366,0.3227569,10.535778
"<1783681598905>" ,-0.019798074,0.9516314,0.08447903,0.29473537,2.22991,0.32261023,10.535245
"<1783681598939>" ,-0.02048891,0.9520215,0.08385314,0.29360497,2.2289038,0.3224936,10.534533
"<1783681598972>" ,-0.020216208,0.9524007,0.083829425,0.2923985,2.2279038,0.3220899,10.534375
"<1783681599005>" ,-0.020671124,0.95270175,0.083578885,0.29145625,2.2271063,0.32194674,10.534052
"<1783681599039>" ,-0.021379653,0.9527332,0.08329815,0.29138246,2.2265997,0.32187498,10.5337925
"<1783681599073>" ,-0.020771148,0.9526541,0.083568946,0.2916074,2.2265043,0.32179677,10.533802
"<1783681599106>" ,-0.020439263,0.952149,0.08184063,0.29376277,2.2269313,0.3218004,10.533101
"<1783681599140>" ,-0.018716395,0.9508777,0.0741166,0.2999798,2.2282379,0.32183504,10.531078
"<1783681599172>" ,-0.014089443,0.9500456,0.063562,0.3052454,2.2304118,0.32194453,10.528273
"<1783681599207>" ,-0.011098234,0.9493033,0.05214573,0.3098077,2.2332797,0.32241142,10.52462
"<1783681599240>" ,-0.011239787,0.9486051,0.043213166,0.31329644,2.2360682,0.32315582,10.521118
"<1783681599273>" ,-0.013469052,0.94840896,0.03911986,0.3143384,2.237474,0.32451683,10.518547
"<1783681599306>" ,-0.0158983,0.94774544,0.03778494,0.3163829,2.2390003,0.3256556,10.517251
"<1783681599340>" ,-0.014721425,0.94693303,0.03752385,0.31889337,2.2411153,0.32622182,10.51705
"<1783681599373>" ,-0.011749922,0.9448367,0.040740177,0.3247859,2.2429638,0.3264403,10.51834
"<1783681599407>" ,-0.0068880925,0.9433485,0.044650927,0.32871303,2.244838,0.32603386,10.520135
"<1783681599441>" ,-0.004682134,0.9422174,0.049416937,0.33130413,2.2461076,0.32542235,10.52172
"<1783681599474>" ,-0.004605138,0.94179416,0.052337233,0.3320592,2.2468252,0.3247488,10.522434
"<1783681599507>" ,-0.0042140684,0.9423547,0.053109955,0.33034733,2.2474957,0.32453883,10.52145
"<1783681599540>" ,-0.0047397492,0.94367486,0.052931,0.3265785,2.2477345,0.32428983,10.519915
"<1783681599574>" ,-0.007946543,0.94434,0.053088117,0.3245621,2.2477396,0.32402632,10.518317
"<1783681599607>" ,-0.009435843,0.9454668,0.05249359,0.32132205,2.247353,0.32418513,10.51606
"<1783681599641>" ,-0.011092954,0.94701517,0.05193904,0.31676725,2.2466648,0.32467282,10.513662
"<1783681599674>" ,-0.014482612,0.94828975,0.052361224,0.31272212,2.24589,0.32521972,10.512245
"<1783681599708>" ,-0.016664179,0.94952404,0.053222273,0.3086969,2.2455702,0.32556683,10.510744
"<1783681599741>" ,-0.016756555,0.949673,0.05372295,0.30814645,2.2458553,0.3255176,10.509377
"<1783681599775>" ,-0.014096864,0.949099,0.054955386,0.30982602,2.246779,0.32499993,10.5083685
"<1783681599809>" ,-0.011277122,0.9482656,0.056102272,0.31227818,2.247641,0.3235935,10.508167
"<1783681599842>" ,-0.008956663,0.94858295,0.056043234,0.31139895,2.2493382,0.32234508,10.506717
"<1783681599875>" ,-0.0064023538,0.9489425,0.056432616,0.3102943,2.2509904,0.3204984,10.505005
"<1783681599909>" ,-0.004052314,0.94850403,0.057539918,0.3114689,2.2528865,0.31890553,10.503629
"<1783681599941>" ,-0.0009815012,0.94789636,0.055767365,0.31365827,2.255034,0.3174289,10.50182
"<1783681599974>" ,0.0022327022,0.9475272,0.051370572,0.31551275,2.2570503,0.31621078,10.49954
"<1783681600009>" ,0.0034874845,0.9467189,0.0485768,0.3183577,2.2585607,0.31565145,10.498221
"<1783681600042>" ,0.004847755,0.94672847,0.04629236,0.31865126,2.2599535,0.31532726,10.496433
"<1783681600076>" ,0.005370689,0.9467268,0.04565107,0.3187406,2.2609649,0.31543586,10.495265
"<1783681600109>" ,0.0061760787,0.94639236,0.046088636,0.3196548,2.2617042,0.31529707,10.494694
"<1783681600142>" ,0.007328115,0.94526833,0.047792073,0.32269174,2.2620988,0.31487614,10.49493
"<1783681600175>" ,0.008551979,0.9440543,0.049313053,0.32597008,2.2623487,0.31447455,10.495099
"<1783681600209>" ,0.009633834,0.9430526,0.050769173,0.3286054,2.262262,0.31395063,10.495307
"<1783681600242>" ,0.009714142,0.94191796,0.051084563,0.33179283,2.2619417,0.3134618,10.495285
"<1783681600276>" ,0.010474809,0.9413802,0.048523635,0.333675,2.2621117,0.3130147,10.493826
"<1783681600309>" ,0.010563139,0.9403649,0.04545379,0.3369514,2.2620072,0.31254402,10.492862
"<1783681600343>" ,0.009932785,0.9385051,0.04272425,0.3424676,2.26157,0.31216687,10.492654
"<1783681600376>" ,0.010202722,0.9371639,0.04106139,0.3463144,2.2612615,0.31210458,10.492201
"<1783681600410>" ,0.010026877,0.93652403,0.041306544,0.3480173,2.260665,0.3120104,10.4918785
"<1783681600444>" ,0.009461507,0.93692786,0.0414058,0.34693253,2.2600193,0.31170917,10.491104
"<1783681600476>" ,0.008718106,0.9382765,0.041212957,0.34331116,2.2594411,0.3114835,10.489493
"<1783681600510>" ,0.007709022,0.9394366,0.04152123,0.34011084,2.2587326,0.31079054,10.487548
"<1783681600544>" ,0.009071248,0.94138545,0.039598435,0.3348778,2.258574,0.30939603,10.484753
"<1783681600578>" ,0.012598562,0.94510716,0.03698154,0.32441655,2.2589812,0.3075662,10.481057
"<1783681600610>" ,0.013397921,0.9475596,0.036599103,0.31719372,2.2585402,0.30623892,10.477994
"<1783681600645>" ,0.012571344,0.94843864,0.036396094,0.31461307,2.2575536,0.30548447,10.475796
"<1783681600677>" ,0.012156075,0.9490818,0.034925733,0.31285167,2.2565002,0.30515027,10.473648
"<1783681600711>" ,0.011592811,0.9492435,0.033678886,0.31251916,2.2553356,0.30500165,10.472677
"<1783681600744>" ,0.011232758,0.94881445,0.034318186,0.313763,2.2540667,0.3049937,10.472891
"<1783681600778>" ,0.0124656875,0.94903815,0.036339685,0.31281075,2.2529542,0.30502176,10.473398
"<1783681600810>" ,0.01417929,0.949843,0.039301973,0.30992362,2.2519083,0.3050068,10.473601
"<1783681600845>" ,0.015640974,0.9510163,0.041254766,0.3059761,2.2507653,0.30506098,10.473026
"<1783681600878>" ,0.015974984,0.95177424,0.04115378,0.30360654,2.248927,0.30498272,10.47183
"<1783681600911>" ,0.01663011,0.95195794,0.04042357,0.30309322,2.2472794,0.3050289,10.47019
"<1783681600945>" ,0.017744243,0.9522324,0.039337788,0.30230936,2.2458377,0.30515012,10.468231
"<1783681600978>" ,0.018610265,0.9522111,0.038577523,0.30242282,2.244225,0.3053863,10.466736
"<1783681601011>" ,0.01884334,0.9520267,0.038873278,0.30295035,2.2426364,0.3053273,10.465294
"<1783681601045>" ,0.019126793,0.95317405,0.03983457,0.29917666,2.2412837,0.3049133,10.4633875
"<1783681601078>" ,0.018254753,0.95435596,0.040965516,0.29528505,2.239798,0.3044473,10.461793
"<1783681601112>" ,0.016696004,0.95432734,0.041414473,0.29540706,2.238324,0.30369833,10.4605255
"<1783681601145>" ,0.0152227,0.95378536,0.040305626,0.29738382,2.2370903,0.30243266,10.4593525
"<1783681601179>" ,0.014413469,0.95392114,0.03773325,0.2973263,2.236262,0.30067408,10.45817
"<1783681601211>" ,0.01323764,0.9536901,0.0370569,0.29820564,2.2353814,0.29874635,10.457623
"<1783681601245>" ,0.01307692,0.9539948,0.038982466,0.2969902,2.234628,0.29683903,10.457443
"<1783681601279>" ,0.013971997,0.95486635,0.042223793,0.29368702,2.233992,0.29510197,10.457349
"<1783681601313>" ,0.013652771,0.9550273,0.04516362,0.2927401,2.2329116,0.29304516,10.457009
"<1783681601346>" ,0.01343164,0.95503944,0.045101743,0.29272008,2.2323875,0.29201984,10.456631
"<1783681601379>" ,0.013202017,0.954411,0.045363743,0.29473287,2.231144,0.2912236,10.456158
"<1783681601413>" ,0.012591584,0.95397455,0.045317564,0.29617602,2.2306492,0.29072863,10.455391
"<1783681601447>" ,0.011049683,0.9545371,0.04457555,0.2945334,2.2304194,0.2901493,10.453932
"<1783681601479>" ,0.00934818,0.9556168,0.043866705,0.29117852,2.2302866,0.28917956,10.452364
"<1783681601513>" ,0.0089945365,0.95668554,0.043946497,0.2876465,2.2309232,0.2884742,10.450975
"<1783681601546>" ,0.010110915,0.957197,0.04377661,0.28592876,2.232119,0.28775662,10.449935
"<1783681601581>" ,0.012420042,0.95695835,0.042342898,0.28685096,2.2339647,0.28695285,10.449651
"<1783681601613>" ,0.01532552,0.9559646,0.040619254,0.29025313,2.235789,0.28616264,10.449342
"<1783681601647>" ,0.017856471,0.9548488,0.039305072,0.29393867,2.2374983,0.28535485,10.449105
"<1783681601681>" ,0.020003716,0.9547437,0.038219254,0.29428503,2.239215,0.28478512,10.448488
"<1783681601713>" ,0.021552559,0.9556689,0.038462725,0.2911236,2.2408543,0.28363973,10.447375
"<1783681601747>" ,0.022047,0.95669013,0.03889752,0.28765416,2.242464,0.2818854,10.446049
"<1783681601781>" ,0.024565244,0.95806354,0.038780194,0.2828548,2.2440526,0.27951813,10.444548
"<1783681601813>" ,0.02812381,0.95869297,0.03907273,0.28033927,2.2463913,0.27630746,10.443251
"<1783681601847>" ,0.032202873,0.9587083,0.038158275,0.2799739,2.2490184,0.27259183,10.442001
"<1783681601881>" ,0.037266046,0.9586466,0.036439504,0.2797858,2.2516365,0.2689209,10.440088
"<1783681601914>" ,0.041112613,0.9581343,0.036047447,0.28104973,2.2538738,0.26556057,10.43872
"<1783681601947>" ,0.0433593,0.95826447,0.035097808,0.28038776,2.2558243,0.26227075,10.437256
"<1783681601981>" ,0.04574875,0.9592016,0.034450553,0.276862,2.2578375,0.25938588,10.435894
"<1783681602014>" ,0.047832925,0.9596967,0.034870785,0.27473322,2.25951,0.25738272,10.43502
"<1783681602047>" ,0.049371485,0.9593197,0.034529638,0.27581838,2.2608693,0.2562365,10.434656
"<1783681602082>" ,0.051347993,0.95855826,0.03362843,0.27820587,2.2615623,0.25618985,10.434407
"<1783681602115>" ,0.052678023,0.9581168,0.03341333,0.279501,2.2623117,0.2562767,10.434895
"<1783681602147>" ,0.05325739,0.9583659,0.035384122,0.27829185,2.262618,0.25689778,10.435771
"<1783681602182>" ,0.05244006,0.95897156,0.037578076,0.27606425,2.2624679,0.25766426,10.436073
"<1783681602214>" ,0.050378982,0.9599059,0.038414042,0.2730693,2.2619114,0.25890958,10.436556
"<1783681602248>" ,0.04759934,0.9607399,0.038738966,0.270578,2.2609801,0.26038593,10.437035
"<1783681602282>" ,0.045516342,0.9608046,0.03878786,0.27069956,2.2605643,0.26128095,10.43755
"<1783681602314>" ,0.044316765,0.96058124,0.03770348,0.2718421,2.2598834,0.26242143,10.438235
"<1783681602348>" ,0.042707957,0.96022314,0.035754826,0.27362213,2.2590606,0.26342458,10.438843
"<1783681602382>" ,0.04116617,0.9602375,0.03488725,0.27392006,2.2580767,0.2642679,10.439569
"<1783681602415>" ,0.03944286,0.9605421,0.035914294,0.2729714,2.257193,0.2646731,10.440466
"<1783681602449>" ,0.038302038,0.9610357,0.03668309,0.27128866,2.2565877,0.26445353,10.441338
"<1783681602483>" ,0.03723338,0.961063,0.037062626,0.2712892,2.255842,0.26368743,10.441945
"<1783681602516>" ,0.036308836,0.96091735,0.03693045,0.27194774,2.2555726,0.26235843,10.442734
"<1783681602549>" ,0.03554323,0.9607014,0.037185937,0.2727758,2.2554734,0.2608136,10.443656
"<1783681602583>" ,0.034894694,0.9603651,0.037486423,0.27400002,2.2553866,0.2592926,10.4445915
"<1783681602616>" ,0.034888174,0.9603292,0.037480168,0.27412754,2.2557116,0.25790584,10.445667
"<1783681602650>" ,0.0349564,0.9604185,0.038927376,0.27360365,2.2560282,0.2569437,10.446987
"<1783681602683>" ,0.034548774,0.9606082,0.04011322,0.2728171,2.2564979,0.25636035,10.448505
"<1783681602716>" ,0.034017198,0.961102,0.04113311,0.27098688,2.256623,0.25611526,10.449978
"<1783681602751>" ,0.0330281,0.96172386,0.043003753,0.2686019,2.256506,0.25639623,10.451353
"<1783681602784>" ,0.03063268,0.9623859,0.044137664,0.26632097,2.2565193,0.2571711,10.452047
"<1783681602817>" ,0.026863553,0.9633798,0.043404683,0.26323703,2.2562797,0.2583999,10.452179
"<1783681602851>" ,0.023804836,0.96458006,0.04226447,0.2592921,2.2562315,0.25992697,10.451981
"<1783681602884>" ,0.02058301,0.96496457,0.041467488,0.25826365,2.2559903,0.2616011,10.451941
"<1783681602917>" ,0.018611545,0.96501434,0.039912406,0.2584723,2.2564077,0.2631521,10.451745
"<1783681602950>" ,0.017364327,0.96462107,0.03803444,0.26030365,2.2571301,0.26454288,10.451616
"<1783681602985>" ,0.016245745,0.96390724,0.0375336,0.26307815,2.257551,0.26602018,10.451882
"<1783681603017>" ,0.015630275,0.9636724,0.03691813,0.26406103,2.2581918,0.26746202,10.451773
"<1783681603051>" ,0.014301827,0.96386427,0.0359552,0.2635685,2.2588341,0.26864994,10.451399
"<1783681603085>" ,0.01127015,0.9639313,0.034512106,0.26366305,2.259084,0.26962754,10.450667
"<1783681603118>" ,0.009383446,0.9640561,0.03348119,0.26341358,2.2594175,0.27033886,10.449876
"<1783681603152>" ,0.008313397,0.96391255,0.032908387,0.26404622,2.2597945,0.27084112,10.4491825
"<1783681603186>" ,0.0069773407,0.9633214,0.031029334,0.26645908,2.2601495,0.27120948,10.448706
"<1783681603219>" ,0.00554838,0.9629402,0.029412022,0.26804888,2.260348,0.2713679,10.448223
"<1783681603252>" ,0.0042047203,0.9628119,0.029575,0.26851606,2.2604663,0.27152324,10.447926
"<1783681603286>" ,0.0045489185,0.96305287,0.03169794,0.26740193,2.2606812,0.27160975,10.447908
"<1783681603319>" ,0.0052979304,0.9636383,0.034363687,0.26493838,2.2607627,0.27161196,10.447658
"<1783681603353>" ,0.004408629,0.96354806,0.035388205,0.26514763,2.260473,0.27153105,10.447215
"<1783681603386>" ,0.003593685,0.96297383,0.035015237,0.2672873,2.2601876,0.27138892,10.446469
"<1783681603418>" ,0.003025269,0.9624458,0.03516542,0.2691696,2.259678,0.27109048,10.445877
"<1783681603453>" ,0.002151389,0.9621403,0.03634117,0.27011228,2.2589533,0.27077913,10.445215
"<1783681603486>" ,0.0011677373,0.96197397,0.036969002,0.27062523,2.258491,0.2703051,10.443928
"<1783681603518>" ,0.0011038895,0.96218926,0.03736881,0.26980394,2.2579927,0.269953,10.442394
"<1783681603552>" ,0.00035098827,0.96188664,0.03808534,0.2707829,2.2573056,0.2697717,10.4407015
"<1783681603587>" ,-0.00086699263,0.9612244,0.036851272,0.27329248,2.256801,0.26951462,10.438253
"<1783681603618>" ,-0.00097320107,0.96080756,0.03467242,0.27503744,2.2565236,0.26898605,10.435823
"<1783681603653>" ,-0.0012496621,0.96020794,0.033085305,0.27731654,2.2561605,0.26840848,10.4334755
"<1783681603686>" ,-0.0015417893,0.95979226,0.03103824,0.27898562,2.2559707,0.2677403,10.431166
"<1783681603719>" ,-0.0011497654,0.9597936,0.028845096,0.2792182,2.255985,0.2669555,10.429022
"<1783681603753>" ,-0.0009869538,0.9595508,0.027873192,0.28015047,2.2557757,0.2660818,10.427599
"<1783681603786>" ,-0.0009751417,0.9592752,0.02762955,0.28111687,2.255349,0.2653439,10.426726
"<1783681603820>" ,-0.0014373978,0.95893246,0.028183032,0.28222686,2.2547596,0.2647108,10.426426
"<1783681603853>" ,-0.0022652354,0.95878303,0.029344337,0.282611,2.2543066,0.26416788,10.426371
"<1783681603887>" ,-0.0026467303,0.959124,0.031125063,0.28125665,2.2539606,0.26362002,10.4264145
"<1783681603919>" ,-0.0018741867,0.9592585,0.033606626,0.28051788,2.2538714,0.26301953,10.426765
"<1783681603954>" ,-0.0013370719,0.9591324,0.035544593,0.28071308,2.2537484,0.26228574,10.427017
"<1783681603988>" ,-0.001512658,0.9588702,0.035951883,0.28155488,2.253564,0.26162052,10.427083
"<1783681604020>" ,-0.0011323064,0.9586362,0.03622816,0.28231674,2.25346,0.26106244,10.427157
"<1783681604054>" ,-0.000756305,0.95834833,0.0374099,0.28314015,2.253383,0.26062286,10.426962
"<1783681604088>" ,-0.0010614658,0.95830035,0.03802742,0.28321928,2.2532363,0.26041287,10.4267235
"<1783681604120>" ,-0.001822031,0.95841324,0.03765441,0.2828831,2.2531748,0.2603538,10.426452
"<1783681604154>" ,-0.0021973827,0.9584952,0.03738892,0.2826378,2.2533681,0.26035315,10.426591
"<1783681604189>" ,-0.0019161542,0.95844555,0.037198108,0.28283343,2.2538025,0.2604143,10.426816
"<1783681604221>" ,-0.0018204027,0.9583123,0.036912568,0.28332272,2.2543778,0.26050296,10.427052
"<1783681604254>" ,-0.0019880831,0.9583789,0.036618646,0.28313428,2.2550802,0.26049772,10.427315
"<1783681604288>" ,-0.0014202901,0.9588165,0.035947934,0.28173843,2.2561595,0.26044846,10.427466
"<1783681604321>" ,-0.0003812472,0.9588284,0.035912678,0.28170586,2.2573965,0.26041412,10.427982
"<1783681604355>" ,0.0011975465,0.95871055,0.035591833,0.2821453,2.2588274,0.26022145,10.428753
"<1783681604390>" ,0.0032930674,0.95882165,0.035942342,0.2817062,2.2602236,0.2600195,10.42975
"<1783681604422>" ,0.004981809,0.9588073,0.037140317,0.28157467,2.2613592,0.25989088,10.430918
"<1783681604454>" ,0.006582587,0.9590004,0.037061013,0.2808939,2.2626467,0.25953794,10.431732
"<1783681604488>" ,0.0070688794,0.959043,0.036848795,0.28076464,2.2634954,0.25931937,10.43257
"<1783681604521>" ,0.0070205694,0.9592083,0.03689269,0.28019452,2.2639663,0.25922644,10.4334545
"<1783681604555>" ,0.007649759,0.95964354,0.03760964,0.27858782,2.2645116,0.25901002,10.4342785
"<1783681604589>" ,0.0075711445,0.9595803,0.038437996,0.27869496,2.2646916,0.25886133,10.435279
"<1783681604622>" ,0.0077033723,0.9594248,0.038522735,0.27921456,2.2647386,0.25866175,10.436191
"<1783681604656>" ,0.007915837,0.9592877,0.038291086,0.27971086,2.26454,0.25860333,10.437208
"<1783681604689>" ,0.0071246764,0.9591064,0.038522914,0.2803214,2.264239,0.25878173,10.438204
"<1783681604722>" ,0.0059963693,0.9593296,0.039112322,0.2795015,2.2640276,0.2590464,10.438995
"<1783681604755>" ,0.00566755,0.95975465,0.039607156,0.27797502,2.2640998,0.25930572,10.439715
"<1783681604789>" ,0.006058406,0.9598141,0.040386964,0.2776493,2.2642503,0.25959355,10.440375
"<1783681604823>" ,0.0068446607,0.95979154,0.04029566,0.27772218,2.264698,0.2597214,10.4408245
"<1783681604856>" ,0.0072132396,0.9595074,0.039089993,0.27886483,2.265051,0.2598116,10.441321
"<1783681604890>" ,0.0075658318,0.95932573,0.03785724,0.27964905,2.2654443,0.26016682,10.441475
"<1783681604923>" ,0.00885982,0.959666,0.035554253,0.27874452,2.2659535,0.26068884,10.440983
"<1783681604956>" ,0.00908073,0.9595132,0.032821693,0.27959734,2.2660837,0.2614073,10.440329
"<1783681604990>" ,0.009628402,0.95925206,0.029654281,0.2808262,2.2659223,0.2620832,10.439605
"<1783681605023>" ,0.011511444,0.95931596,0.025665365,0.2809302,2.2655306,0.26300547,10.438702
"<1783681605057>" ,0.012254672,0.95890033,0.023480225,0.28250405,2.2642717,0.26429245,10.438665
"<1783681605090>" ,0.011339389,0.9583251,0.02289411,0.2845352,2.2624402,0.26585925,10.438829
"<1783681605124>" ,0.010611521,0.95855486,0.022210825,0.28384247,2.2606235,0.26760536,10.438751
"<1783681605157>" ,0.011108678,0.9593991,0.022514375,0.28093246,2.258908,0.26972318,10.438566
"<1783681605190>" ,0.010765395,0.9596808,0.024016578,0.27985722,2.2568448,0.27221322,10.438919
"<1783681605223>" ,0.009927315,0.9598563,0.024183119,0.27927145,2.254621,0.274875,10.43928
"<1783681605257>" ,0.009359592,0.96037257,0.021933522,0.27769732,2.2522802,0.2776736,10.439365
"<1783681605292>" ,0.0070949984,0.9598438,0.020495849,0.27969515,2.249337,0.28085983,10.439804
"<1783681605323>" ,0.005491375,0.95916176,0.0191433,0.28215605,2.2461274,0.28460914,10.440749
"<1783681605357>" ,0.0033954722,0.9588414,0.016123181,0.28346384,2.2424755,0.28874776,10.441635
"<1783681605391>" ,0.00030774975,0.95920366,0.014251501,0.2823563,2.2382975,0.2932064,10.442895
"<1783681605424>" ,-0.0035870562,0.9606632,0.014597327,0.2773091,2.233675,0.29788798,10.44466
"<1783681605458>" ,-0.00902498,0.9626594,0.015987964,0.27009225,2.2286,0.30226904,10.446804
"<1783681605492>" ,-0.015785767,0.9645459,0.01942914,0.26272514,2.2231112,0.30666152,10.4497795
"<1783681605524>" ,-0.022538574,0.96725124,0.022282502,0.2518342,2.2177875,0.31071216,10.452803
"<1783681605558>" ,-0.029848812,0.96956486,0.026653951,0.24154218,2.2128198,0.31425893,10.456316
"<1783681605591>" ,-0.036747914,0.9705935,0.032051396,0.23573396,2.2080262,0.31740373,10.460746
"<1783681605624>" ,-0.04137357,0.97074956,0.03558418,0.23381038,2.2039702,0.31969544,10.4656
"<1783681605658>" ,-0.0443232,0.9701918,0.03812807,0.2351798,2.2005613,0.3211606,10.4707575
"<1783681605692>" ,-0.045296513,0.9690995,0.041417353,0.23891193,2.1978772,0.3217551,10.476109
"<1783681605725>" ,-0.044890855,0.96769035,0.045533758,0.24389933,2.1952796,0.32219088,10.481693
"<1783681605759>" ,-0.044355515,0.9671157,0.04808304,0.24578011,2.1927304,0.32221523,10.486047
"<1783681605793>" ,-0.0446546,0.96865004,0.049236294,0.23937179,2.1906583,0.32199296,10.48905
"<1783681605826>" ,-0.047900572,0.96935767,0.05225928,0.23520248,2.1885812,0.3218114,10.492254
"<1783681605859>" ,-0.04791459,0.97013825,0.054078177,0.23154168,2.187454,0.32138452,10.495458
"<1783681605894>" ,-0.045803823,0.9706435,0.056491643,0.22926366,2.1873848,0.32096818,10.498324
"<1783681605926>" ,-0.043279525,0.9708814,0.06025656,0.22778344,2.1870954,0.32069775,10.502147
"<1783681605959>" ,-0.04136166,0.97071725,0.064631835,0.22763988,2.1863968,0.3207584,10.506142
"<1783681605993>" ,-0.040195957,0.9704929,0.06872991,0.2276049,2.185942,0.32093155,10.509773
"<1783681606025>" ,-0.039078258,0.97046787,0.07214134,0.22684933,2.1860347,0.32100734,10.512893
"<1783681606060>" ,-0.036270384,0.97028047,0.076135,0.22681227,2.1869128,0.32078928,10.515932
"<1783681606093>" ,-0.031842165,0.9693824,0.080718696,0.22971374,2.1882117,0.3203663,10.518838
"<1783681606127>" ,-0.026759513,0.9682202,0.08343823,0.2342469,2.1905637,0.3194716,10.521709
"<1783681606160>" ,-0.021681014,0.96720976,0.08569444,0.2381002,2.1934776,0.31843048,10.524265
"<1783681606193>" ,-0.017272884,0.96625763,0.08678023,0.24190277,2.1965525,0.3174389,10.526226
"<1783681606226>" ,-0.012715303,0.965708,0.08691572,0.24431944,2.200266,0.31640798,10.528002
"<1783681606260>" ,-0.008027587,0.96536154,0.08710387,0.24581602,2.2043543,0.31553364,10.529576
"<1783681606294>" ,-0.0030419643,0.9645812,0.08738294,0.2488736,2.2086182,0.31495413,10.530819
"<1783681606327>" ,0.0016228227,0.96283394,0.088109344,0.25531334,2.2126749,0.31454903,10.532648
"<1783681606360>" ,0.0067101405,0.96061844,0.08798944,0.2634862,2.2167401,0.31447053,10.533743
"<1783681606394>" ,0.0124435555,0.959073,0.086529754,0.2693263,2.2206273,0.31436443,10.534325
"<1783681606427>" ,0.015384919,0.9588486,0.08335689,0.27096918,2.2239065,0.31439704,10.53414
"<1783681606461>" ,0.014109695,0.9596746,0.08322814,0.26813912,2.2263536,0.3147031,10.533842
"<1783681606494>" ,0.010531362,0.9611877,0.08175187,0.26329407,2.2281759,0.31519902,10.532583
"<1783681606527>" ,0.011940366,0.9596982,0.08509386,0.26757407,2.2296078,0.31487545,10.5345955
"<1783681606561>" ,0.015133336,0.9587813,0.08605906,0.270376,2.2314153,0.31424716,10.536242
"<1783681606595>" ,0.015837606,0.95852596,0.085285686,0.27148387,2.2323818,0.3135153,10.535782
"<1783681606628>" ,0.014629888,0.95860237,0.08570882,0.27114823,2.2331643,0.3129353,10.536068
"<1783681606661>" ,0.012223943,0.95913523,0.088330165,0.26852924,2.2338555,0.31264952,10.537292
"<1783681606695>" ,0.009755834,0.9605571,0.08857621,0.26341823,2.2350292,0.3119666,10.537256
"<1783681606728>" ,0.006817974,0.9619768,0.088223815,0.25840017,2.2362618,0.31151175,10.5381775
"<1783681606761>" ,0.0065853926,0.9629691,0.08932999,0.25429755,2.2384076,0.31108797,10.539885
"<1783681606794>" ,0.0077482844,0.96399355,0.08823003,0.25074264,2.2429662,0.310488,10.541527
"<1783681606828>" ,0.009024055,0.9648533,0.087108225,0.24776761,2.2468343,0.30986416,10.543728
"<1783681606862>" ,0.010243312,0.9655719,0.08578081,0.24537249,2.251212,0.30924207,10.54668
"<1783681606896>" ,0.01171702,0.9660704,0.08513052,0.24356413,2.2558527,0.30886412,10.55002
"<1783681606930>" ,0.012351437,0.96671706,0.0837069,0.24145116,2.260497,0.308541,10.553473
"<1783681606962>" ,0.013407158,0.96735376,0.08202598,0.23941307,2.2653828,0.30801034,10.557373
"<1783681606996>" ,0.016747478,0.9678298,0.08124199,0.23753864,2.270467,0.30737072,10.563099
"<1783681607029>" ,0.019147528,0.9683553,0.08043333,0.23548228,2.2756145,0.30679178,10.568229
"<1783681607063>" ,0.019346666,0.96897244,0.079086915,0.23337388,2.280163,0.3065022,10.573713
"<1783681607097>" ,0.017990898,0.9696861,0.077834584,0.23092638,2.284443,0.30639946,10.578978
"<1783681607129>" ,0.015283579,0.9704756,0.076385036,0.22827353,2.288462,0.30648136,10.584051
"<1783681607163>" ,0.013262367,0.9712632,0.07551164,0.22532167,2.29231,0.3063795,10.589918
"<1783681607196>" ,0.014240913,0.9715772,0.07288115,0.22477373,2.2968864,0.3064046,10.595091
"<1783681607230>" ,0.014578857,0.9714588,0.07046134,0.22603187,2.3016737,0.30654418,10.600335
"<1783681607263>" ,0.014585141,0.9711933,0.070835024,0.22705331,2.3063047,0.30657655,10.606016
"<1783681607296>" ,0.014520665,0.97115105,0.071166426,0.22713444,2.3107486,0.3065381,10.611792
"<1783681607330>" ,0.015567675,0.9711227,0.07055333,0.22737752,2.3151631,0.30637974,10.617623
"<1783681607363>" ,0.015529157,0.97138053,0.06996978,0.22645731,2.3190575,0.30617377,10.623383
"<1783681607398>" ,0.013095693,0.9719747,0.06847626,0.22450992,2.3217506,0.30617496,10.628109
"<1783681607430>" ,0.010953662,0.9723416,0.06797225,0.22318521,2.324552,0.3062494,10.633193
"<1783681607464>" ,0.009634041,0.9727066,0.06712815,0.2219075,2.327594,0.30617598,10.638601
"<1783681607497>" ,0.008992188,0.97291267,0.067407615,0.22094408,2.330477,0.30592602,10.644934
"<1783681607530>" ,0.00967122,0.97280467,0.06761245,0.221328,2.33376,0.3057842,10.6510935
"<1783681607564>" ,0.010010881,0.9725512,0.06817877,0.22225115,2.337077,0.3057552,10.657276
"<1783681607598>" ,0.009539871,0.97237986,0.06795025,0.22309004,2.3418477,0.30572766,10.666275
"<1783681607631>" ,0.009508978,0.9723426,0.06912564,0.22289248,2.3446314,0.3060543,10.67251
"<1783681607664>" ,0.009128789,0.97251415,0.07012641,0.221845,2.3470526,0.30645823,10.678701
"<1783681607698>" ,0.007978396,0.9727736,0.07071684,0.22056055,2.349308,0.30677706,10.685328
"<1783681607732>" ,0.007849737,0.97297496,0.07157199,0.21939817,2.3514683,0.30713695,10.69165
"<1783681607764>" ,0.008732715,0.9731657,0.073095046,0.21801233,2.3535523,0.30745047,10.697725
"<1783681607798>" ,0.006909975,0.9735033,0.07342846,0.21645314,2.3551705,0.30785617,10.703621
"<1783681607830>" ,0.003922069,0.9738549,0.07245727,0.21527013,2.3566668,0.3082792,10.709367
"<1783681607865>" ,0.004434197,0.97389805,0.07171015,0.2153149,2.358716,0.30853057,10.715372
"<1783681607898>" ,0.0059300247,0.97344255,0.070222095,0.21781464,2.3612535,0.30857506,10.720668
"<1783681607931>" ,0.0074001704,0.9726252,0.06982887,0.22151595,2.364118,0.30869907,10.727144
"<1783681607965>" ,0.0076017748,0.9718521,0.06918822,0.22507481,2.366723,0.30887192,10.733603
"<1783681607998>" ,0.008806434,0.97104996,0.06961614,0.22833721,2.369285,0.3090098,10.741232
"<1783681608031>" ,0.010310761,0.9705453,0.070088945,0.23026747,2.3713107,0.30941275,10.747868
"<1783681608066>" ,0.009645745,0.97050446,0.070935756,0.23020913,2.3720984,0.31007499,10.753662
"<1783681608099>" ,0.0071801883,0.9707961,0.07278897,0.22848445,2.3724003,0.31099564,10.759568
"<1783681608133>" ,0.0031035647,0.9714245,0.07458472,0.22530405,2.3720756,0.31209573,10.765105
"<1783681608167>" ,-0.0005430715,0.972099,0.07546405,0.22209994,2.3716397,0.31300163,10.770434
"<1783681608199>" ,-0.0031448954,0.97263235,0.075384825,0.21975784,2.3717034,0.3133121,10.775778
"<1783681608233>" ,-0.0045420076,0.97285277,0.07440654,0.2190903,2.372106,0.3131958,10.781259
"<1783681608266>" ,-0.0037822856,0.9726845,0.07344395,0.22017407,2.3730958,0.31259686,10.7870655
"<1783681608300>" ,-0.002260081,0.9721835,0.07293446,0.22256352,2.3744442,0.3115871,10.792572
"<1783681608333>" ,-0.0006305856,0.971485,0.07299313,0.22558455,2.3758824,0.310755,10.798744
"<1783681608366>" ,-0.00016039268,0.97100025,0.07195906,0.22799186,2.376945,0.3101288,10.8046875
"<1783681608400>" ,0.0005842877,0.970566,0.07315102,0.2294564,2.377758,0.30966857,10.811056
"<1783681608433>" ,0.0013521675,0.97029173,0.07482232,0.23007342,2.378099,0.30977014,10.817237
"<1783681608467>" ,-0.0006447375,0.97046924,0.076337285,0.2288266,2.3775597,0.31018215,10.823051
"<1783681608500>" ,-0.0041908547,0.97093135,0.07813629,0.22620673,2.3764515,0.31032845,10.829607
"<1783681608534>" ,-0.0075003044,0.9716348,0.07925032,0.22268568,2.3749442,0.3108623,10.835251
"<1783681608567>" ,-0.010830202,0.9723328,0.080376506,0.2190691,2.3732817,0.31144828,10.840857
"<1783681608601>" ,-0.013840194,0.97283167,0.08397841,0.21530123,2.3718357,0.31278852,10.846808
"<1783681608634>" ,-0.01769055,0.97330004,0.08609897,0.21204033,2.3700895,0.3132617,10.85254
"<1783681608667>" ,-0.020747658,0.97368,0.085959144,0.21006611,2.368705,0.31330872,10.857931
"<1783681608701>" ,-0.021196034,0.97360104,0.087311365,0.20982948,2.3682394,0.31320018,10.86479
"<1783681608734>" ,-0.021142036,0.97324574,0.08734867,0.21146141,2.3679829,0.3130661,10.870826
"<1783681608768>" ,-0.02081288,0.97240335,0.08697652,0.21548468,2.3681893,0.31285205,10.876704
"<1783681608801>" ,-0.017385561,0.9709507,0.08706499,0.22219822,2.3688028,0.31240398,10.8832
"<1783681608834>" ,-0.013600064,0.9694947,0.086467884,0.22895029,2.3694103,0.31177863,10.8895645
"<1783681608867>" ,-0.011371259,0.9681513,0.0855376,0.2350258,2.3686986,0.310367,10.896427
"<1783681608902>" ,-0.0098997345,0.96696806,0.08620441,0.23967376,2.367868,0.30947673,10.902944
"<1783681608934>" ,-0.01099544,0.9659484,0.08818966,0.24299245,2.3661797,0.30862364,10.909493
"<1783681608968>" ,-0.011910519,0.9662129,0.0900081,0.2412245,2.3633208,0.3080396,10.916173
"<1783681609001>" ,-0.015137368,0.96672386,0.09258683,0.23799878,2.3600807,0.30721217,10.922075
"<1783681609035>" ,-0.018576298,0.96770364,0.08913173,0.23507467,2.357363,0.30606285,10.925987
"<1783681609068>" ,-0.023069177,0.9687746,0.08422124,0.23205686,2.355282,0.3049715,10.928975
"<1783681609102>" ,-0.027445452,0.9695026,0.078762665,0.23045138,2.3538487,0.3038905,10.930981
"<1783681609135>" ,-0.031031245,0.96960187,0.0747913,0.23090142,2.3532112,0.3031205,10.933037
"<1783681609169>" ,-0.03238217,0.96919787,0.0720187,0.2332812,2.3534226,0.30260104,10.935486
"<1783681609202>" ,-0.029479496,0.9684574,0.07274151,0.23649494,2.354137,0.30239946,10.939124
"<1783681609236>" ,-0.025056807,0.96827763,0.07483454,0.23708716,2.354984,0.3025552,10.943085
"<1783681609269>" ,-0.02299303,0.9696532,0.078153275,0.23051272,2.355921,0.30327216,10.946082
"<1783681609302>" ,-0.024625381,0.9693019,0.07778685,0.23194097,2.3541827,0.30554634,10.944992
"<1783681609336>" ,-0.025378777,0.96914935,0.076191045,0.23302445,2.3542686,0.306239,10.945435
"<1783681609369>" ,-0.024884349,0.9691559,0.076168306,0.2330579,2.3544497,0.30621845,10.946303
"<1783681609403>" ,-0.025386382,0.9694055,0.07452377,0.2324968,2.3551962,0.30567995,10.948547
"<1783681609436>" ,-0.026402056,0.9696407,0.07358953,0.23169903,2.355033,0.30511102,10.949261
"<1783681609470>" ,-0.026908515,0.96978086,0.07379812,0.2309867,2.3547862,0.3046691,10.949852
"<1783681609503>" ,-0.026431728,0.9697956,0.07276653,0.23130713,2.3548992,0.30446276,10.949238
"<1783681609537>" ,-0.024783345,0.96948236,0.07388276,0.23244579,2.355372,0.3044606,10.949564
"<1783681609570>" ,-0.02150369,0.9690139,0.074007295,0.23467544,2.3561945,0.3043904,10.949821
"<1783681609603>" ,-0.0173643,0.9684552,0.073249415,0.23754473,2.3573031,0.30443364,10.94965
"<1783681609637>" ,-0.012351708,0.96854347,0.06947202,0.23863088,2.3589923,0.30441257,10.948504
"<1783681609671>" ,-0.008261171,0.9680297,0.06500882,0.2421242,2.3610332,0.30421388,10.947274
"<1783681609703>" ,-0.0033518514,0.9666535,0.06270912,0.24826844,2.3632107,0.30372936,10.94623
"<1783681609737>" ,0.0030553658,0.9649513,0.062943935,0.25475013,2.3654299,0.30344498,10.946167
"<1783681609770>" ,0.010283664,0.9643927,0.062034126,0.25689045,2.3678586,0.30328712,10.945657
"<1783681609804>" ,0.015266769,0.9651103,0.059129678,0.25462264,2.370165,0.3031711,10.944237
"<1783681609837>" ,0.015262381,0.96375805,0.056265995,0.26032975,2.3714583,0.303233,10.943118
"<1783681609871>" ,0.0139110265,0.96172976,0.0527997,0.26850423,2.3722916,0.30337995,10.94164
"<1783681609905>" ,0.013105704,0.960293,0.048770998,0.27438477,2.3734775,0.30404693,10.938357
"<1783681609938>" ,0.012575368,0.9599836,0.04423516,0.27625468,2.374256,0.30454892,10.935251
"<1783681609971>" ,0.012007997,0.9601143,0.04220097,0.27614388,2.3747654,0.3052782,10.932319
"<1783681610005>" ,0.009238048,0.9598788,0.04481728,0.2766562,2.37483,0.30646014,10.929832
"<1783681610038>" ,0.00680034,0.9610836,0.04673215,0.2721916,2.3750782,0.30715838,10.926466
"<1783681610072>" ,0.0031048078,0.9629879,0.048078485,0.26520392,2.375282,0.30734566,10.922245
"<1783681610105>" ,-0.0024782792,0.9648041,0.050233252,0.25811526,2.374974,0.30712104,10.917384
"<1783681610138>" ,-0.0065800813,0.9673492,0.04992079,0.24839526,2.3755095,0.30595484,10.911052
"<1783681610171>" ,-0.0075818477,0.9701277,0.046369933,0.23800099,2.3770196,0.30375475,10.903368
"<1783681610205>" ,-0.005378345,0.971805,0.041523397,0.23203872,2.379353,0.30086648,10.895083
"<1783681610239>" ,-0.0009761104,0.97208625,0.03552983,0.23191589,2.3825839,0.2966661,10.886682
"<1783681610272>" ,0.0054298,0.97158575,0.027794555,0.23498744,2.3870194,0.29148257,10.8775425
"<1783681610306>" ,0.0140361255,0.9702944,0.019586612,0.24072407,2.3919883,0.28540426,10.868902
"<1783681610338>" ,0.025576863,0.96811426,0.011356187,0.24894102,2.3976169,0.2786671,10.860264
"<1783681610372>" ,0.034953963,0.9642482,0.0033827918,0.26266375,2.4031398,0.27174908,10.851889
"<1783681610407>" ,0.040535405,0.9594166,-0.0019618676,0.2790567,2.4083323,0.26500782,10.843655
"<1783681610439>" ,0.045983095,0.95534664,-0.006758854,0.29180932,2.4135973,0.2577709,10.834906
"<1783681610473>" ,0.048243858,0.9523869,-0.011553558,0.3008291,2.4183283,0.25005618,10.825257
"<1783681610506>" ,0.04772064,0.95080286,-0.016918702,0.30563122,2.4227743,0.24204707,10.815224
"<1783681610539>" ,0.045331206,0.95086265,-0.021499772,0.3055209,2.4269686,0.23403174,10.805212
"<1783681610573>" ,0.04421513,0.9526432,-0.024580332,0.299853,2.430995,0.22585826,10.795389
"<1783681610607>" ,0.04218754,0.955329,-0.02564113,0.29139203,2.434542,0.21825784,10.7861805
"<1783681610639>" ,0.039996,0.95801663,-0.023690842,0.28291905,2.4375637,0.21142395,10.778018
"<1783681610674>" ,0.037595738,0.9600735,-0.020285556,0.2764669,2.4396617,0.2052412,10.771129
"<1783681610707>" ,0.033263482,0.96153873,-0.016592734,0.27214235,2.441381,0.19960608,10.765454
"<1783681610741>" ,0.03242456,0.9633886,-0.013556144,0.26579538,2.4434974,0.19428194,10.760727
"<1783681610773>" ,0.032655858,0.9649174,-0.009990591,0.2603228,2.4451516,0.18939413,10.757141
"<1783681610806>" ,0.032255318,0.9653624,-0.0059391274,0.25884295,2.4466004,0.18563741,10.754822
"<1783681610841>" ,0.032615468,0.9652523,-0.0035224303,0.25925246,2.4481006,0.18269974,10.753029
"<1783681610874>" ,0.032658853,0.96497834,-0.002121873,0.26028022,2.4496417,0.18005013,10.751076
"<1783681610907>" ,0.031090634,0.9646028,-0.00011215232,0.2618676,2.450661,0.17852795,10.74945
"<1783681610940>" ,0.029087333,0.96492517,0.0015439999,0.260904,2.451416,0.17768244,10.747594
"<1783681610973>" ,0.028909106,0.96599823,0.0023951894,0.25691608,2.452396,0.17697872,10.7454815
"<1783681611008>" ,0.02808964,0.96675605,0.0029291885,0.25413603,2.453787,0.1758901,10.743189
"<1783681611041>" ,0.025614092,0.96719277,0.003613188,0.2527232,2.454481,0.17581874,10.741564
"<1783681611074>" ,0.02536834,0.96805876,0.003067272,0.24941778,2.4552493,0.17576098,10.740151
"<1783681611108>" ,0.026718898,0.96881884,0.00202215,0.246317,2.456351,0.17573822,10.738747
"<1783681611141>" ,0.02687479,0.9688815,0.0017762539,0.24605541,2.457334,0.17595798,10.737808
"<1783681611174>" ,0.02653341,0.96872634,0.00050955213,0.24670841,2.4581394,0.17620003,10.736864
"<1783681611208>" ,0.02698364,0.96907055,-0.0018072916,0.24529755,2.4592476,0.17581934,10.734808
"<1783681611241>" ,0.027204689,0.96946126,-0.0037805452,0.24370174,2.4599843,0.17578429,10.733666
"<1783681611276>" ,0.026973087,0.9696445,-0.0053849192,0.24296695,2.460431,0.1753121,10.732682
"<1783681611308>" ,0.026450505,0.9698814,-0.0059971972,0.2420627,2.460744,0.17507952,10.73214
"<1783681611341>" ,0.025415638,0.9702793,-0.0064594587,0.24056281,2.4609485,0.17490882,10.73177
"<1783681611375>" ,0.025278619,0.97099996,-0.00731842,0.23762658,2.461174,0.17456658,10.731305
