"<1783681522374>" ,-0.28464457,0.4889579,0.19463475,0.8012583,2.636051,-0.74908525,6.492069
"<1783681522414>" ,-0.28512907,0.48857796,0.19383842,0.8015109,2.6359158,-0.74906945,6.4915853
"<1783681522446>" ,-0.28497478,0.4871233,0.19466783,0.8022497,2.6354706,-0.74921525,6.491417
"<1783681522480>" ,-0.28480667,0.48710805,0.19466195,0.80232006,2.6354096,-0.7492734,6.4911404
"<1783681522512>" ,-0.28486785,0.48634705,0.19448055,0.80280393,2.635191,-0.7493418,6.4907613
"<1783681522547>" ,-0.2851703,0.48538092,0.194758,0.8032139,2.634741,-0.749574,6.4903564
"<1783681522580>" ,-0.28563797,0.48476046,0.19480829,0.8034103,2.634551,-0.7499424,6.4900203
"<1783681522614>" ,-0.28583252,0.48481986,0.1942773,0.80343384,2.6344242,-0.7500564,6.489612
"<1783681522646>" ,-0.2859006,0.48351902,0.19465052,0.80410284,2.6339362,-0.7501226,6.4892387
"<1783681522680>" ,-0.28614482,0.482775,0.19517048,0.8043369,2.633537,-0.74990076,6.489331
"<1783681522714>" ,-0.28617364,0.48274475,0.19511631,0.804358,2.6331785,-0.74969596,6.489219
"<1783681522747>" ,-0.286392,0.48119646,0.19607152,0.80497545,2.6324623,-0.7497868,6.489067
"<1783681522781>" ,-0.28745824,0.47838947,0.1980725,0.8057782,2.6309237,-0.7500991,6.487994
"<1783681522813>" ,-0.2877528,0.47726625,0.1991667,0.8060694,2.6300004,-0.7501165,6.4876156
"<1783681522848>" ,-0.28723854,0.4776543,0.19925456,0.80600125,2.629651,-0.74990106,6.4877806
"<1783681522881>" ,-0.28632838,0.4792423,0.19908907,0.8054231,2.6292489,-0.7495087,6.487538
"<1783681522915>" ,-0.2857322,0.47954667,0.19950826,0.80534995,2.6287153,-0.7495103,6.4876313
"<1783681522947>" ,-0.28629625,0.47945625,0.19992684,0.8050996,2.628134,-0.74979305,6.487679
"<1783681522981>" ,-0.28648242,0.48088542,0.19932511,0.8043298,2.628262,-0.7496045,6.48823
"<1783681523014>" ,-0.28685158,0.47965726,0.19935562,0.8049239,2.627894,-0.7499148,6.488381
"<1783681523048>" ,-0.2871656,0.47940108,0.19912948,0.80502045,2.6274889,-0.7504052,6.4883223
"<1783681523081>" ,-0.28742352,0.4799909,0.19887769,0.80463904,2.6277747,-0.7508723,6.488328
"<1783681523114>" ,-0.2876071,0.4801171,0.19924854,0.8044064,2.6276882,-0.7511574,6.488371
"<1783681523147>" ,-0.2876476,0.4799119,0.19996697,0.8043362,2.6273453,-0.7513438,6.488444
"<1783681523181>" ,-0.28781626,0.47954577,0.20063858,0.804327,2.6272511,-0.75123894,6.488734
"<1783681523214>" ,-0.28809482,0.47919983,0.20130274,0.8042674,2.6269062,-0.7513434,6.488817
"<1783681523248>" ,-0.28923643,0.47860205,0.20228481,0.8039672,2.6262314,-0.7518451,6.488598
"<1783681523282>" ,-0.29107848,0.47937062,0.2029744,0.80266964,2.6256938,-0.7524278,6.4882236
"<1783681523314>" ,-0.29350486,0.4823709,0.20251538,0.80010045,2.6250443,-0.75300896,6.4875617
"<1783681523349>" ,-0.2959497,0.4827616,0.20282425,0.79888505,2.6238458,-0.7539249,6.486866
"<1783681523382>" ,-0.29700458,0.4820663,0.20352182,0.79873604,2.622036,-0.75513226,6.486693
"<1783681523416>" ,-0.2975579,0.48224688,0.20338738,0.7984553,2.6204193,-0.7561455,6.4864345
"<1783681523449>" ,-0.29815724,0.48018175,0.2041224,0.7992883,2.618311,-0.75719094,6.485879
"<1783681523482>" ,-0.2982261,0.4795631,0.20482212,0.79945505,2.6159527,-0.75804377,6.4850564
"<1783681523515>" ,-0.2978027,0.48000556,0.2046478,0.7993919,2.6132946,-0.75873333,6.4841433
"<1783681523550>" ,-0.29723975,0.47941688,0.20420745,0.80006707,2.6099827,-0.7594893,6.483043
"<1783681523582>" ,-0.29689535,0.48038995,0.20321219,0.79986465,2.6059816,-0.76026434,6.4816985
"<1783681523615>" ,-0.29637334,0.48006734,0.20276892,0.80036426,2.6014163,-0.7612006,6.4801054
"<1783681523650>" ,-0.29574904,0.4791848,0.2021,0.8012927,2.5964286,-0.76218677,6.478202
"<1783681523683>" ,-0.29492933,0.48046964,0.19967464,0.80143356,2.5915935,-0.76268476,6.4758997
"<1783681523716>" ,-0.29443148,0.47965738,0.19756055,0.80262613,2.5859637,-0.7636007,6.4732156
"<1783681523750>" ,-0.29413494,0.47896102,0.19592576,0.8035509,2.5798182,-0.7649481,6.470231
"<1783681523784>" ,-0.2936832,0.478905,0.19446242,0.8041048,2.5733566,-0.76665,6.4672318
"<1783681523816>" ,-0.29467696,0.47793162,0.19397983,0.80443686,2.5663936,-0.7689223,6.4638257
"<1783681523850>" ,-0.29671428,0.47843772,0.19361012,0.8034757,2.5594115,-0.7714356,6.4601803
"<1783681523883>" ,-0.29890373,0.47921434,0.19324489,0.80228835,2.552614,-0.7738105,6.4566197
"<1783681523916>" ,-0.30032253,0.4789347,0.1931271,0.8019538,2.546274,-0.77632827,6.4532514
"<1783681523950>" ,-0.30051118,0.47868368,0.19228041,0.8022364,2.540557,-0.7788343,6.450052
"<1783681523984>" ,-0.30140063,0.47722438,0.19134216,0.8029961,2.5347168,-0.7810054,6.4464393
"<1783681524016>" ,-0.30282173,0.4744178,0.19184415,0.8040041,2.5286078,-0.78330517,6.442594
"<1783681524051>" ,-0.30293572,0.47293153,0.19214202,0.8047653,2.5228105,-0.7855693,6.439024
"<1783681524084>" ,-0.30206344,0.47211415,0.19118197,0.8058011,2.517229,-0.78781694,6.435752
"<1783681524117>" ,-0.30256286,0.46985507,0.19035046,0.80712986,2.511304,-0.79049844,6.4322515
"<1783681524151>" ,-0.30419108,0.47071335,0.19011502,0.80607253,2.505387,-0.79358375,6.4288864
"<1783681524185>" ,-0.30645505,0.47151786,0.1904557,0.8046632,2.4996665,-0.797035,6.4260635
"<1783681524218>" ,-0.3083933,0.47327423,0.191085,0.80274004,2.4936228,-0.8006849,6.4236674
"<1783681524251>" ,-0.3088716,0.4774587,0.19265945,0.79969615,2.4874978,-0.8042676,6.421931
"<1783681524286>" ,-0.3100286,0.47839022,0.19607063,0.79786044,2.4807677,-0.80774736,6.4203787
"<1783681524318>" ,-0.31035623,0.48113304,0.1983756,0.79551065,2.4742463,-0.8107731,6.4189286
"<1783681524351>" ,-0.30984968,0.48412722,0.20007698,0.79346275,2.4679272,-0.81345534,6.4175177
"<1783681524385>" ,-0.30983505,0.48340866,0.20314951,0.79312587,2.4612746,-0.81590796,6.4160295
"<1783681524417>" ,-0.30954906,0.48447326,0.2045157,0.7922364,2.4552474,-0.81780726,6.41419
"<1783681524452>" ,-0.30963248,0.48545495,0.20395967,0.79174596,2.4497678,-0.81934965,6.411865
"<1783681524486>" ,-0.31041217,0.48312533,0.20402211,0.79284877,2.4441197,-0.8210032,6.409352
"<1783681524519>" ,-0.3114433,0.48230508,0.20330574,0.7931278,2.4391549,-0.82245123,6.4067516
"<1783681524552>" ,-0.31237397,0.48370263,0.20070048,0.79257405,2.4349606,-0.8236221,6.404205
"<1783681524586>" ,-0.3131693,0.4841554,0.19917212,0.79236925,2.4307272,-0.8248925,6.401804
"<1783681524620>" ,-0.31434208,0.4830117,0.1999355,0.7924106,2.4264321,-0.8264706,6.3997183
"<1783681524652>" ,-0.31554708,0.48089942,0.20175748,0.7927545,2.4222794,-0.8280599,6.3978176
"<1783681524686>" ,-0.3169483,0.47943002,0.20289645,0.7927948,2.4185612,-0.82914364,6.396078
"<1783681524718>" ,-0.3161955,0.48116723,0.20208387,0.79225034,2.4157312,-0.8297882,6.394804
"<1783681524752>" ,-0.31564394,0.48107797,0.20160088,0.7926474,2.4128745,-0.8305565,6.393536
"<1783681524787>" ,-0.31588763,0.48159876,0.20203525,0.7921234,2.4110034,-0.83111495,6.392709
"<1783681524819>" ,-0.31676677,0.4823132,0.20262448,0.7911866,2.4088101,-0.8318624,6.3915133
"<1783681524852>" ,-0.3181614,0.48167023,0.2026379,0.79101515,2.406504,-0.8327271,6.389999
"<1783681524887>" ,-0.31859413,0.48176292,0.20107839,0.7911826,2.4043815,-0.83346164,6.388827
"<1783681524919>" ,-0.31966662,0.48162344,0.19933333,0.7912764,2.402911,-0.83422136,6.387496
"<1783681524953>" ,-0.3209163,0.48165768,0.19801636,0.79108036,2.4016824,-0.8349122,6.3862104
"<1783681524987>" ,-0.32210377,0.48185578,0.19682436,0.7907746,2.4010236,-0.8352336,6.385141
"<1783681525019>" ,-0.32246235,0.48172066,0.19614446,0.7908796,2.4003327,-0.8354053,6.3842945
"<1783681525053>" ,-0.32148767,0.48147857,0.1954033,0.79160696,2.3997226,-0.8354557,6.383775
"<1783681525087>" ,-0.32073897,0.48191732,0.19431023,0.79191273,2.3999968,-0.8354382,6.383719
"<1783681525121>" ,-0.32121944,0.48320797,0.1937772,0.79106164,2.39977,-0.8359026,6.3833246
"<1783681525154>" ,-0.32275057,0.48496073,0.19348587,0.7894355,2.3990684,-0.8368331,6.3827043
"<1783681525187>" ,-0.32482392,0.48626477,0.19378757,0.78770703,2.398737,-0.8379031,6.3828163
"<1783681525220>" ,-0.3268114,0.48778313,0.19399592,0.7858928,2.3981805,-0.83905965,6.382578
"<1783681525255>" ,-0.3282871,0.48763248,0.1947659,0.78518045,2.3973672,-0.84013206,6.3821893
"<1783681525288>" ,-0.3285666,0.4873467,0.19567016,0.7850161,2.3964763,-0.8408138,6.381561
"<1783681525322>" ,-0.32802224,0.4875565,0.19595374,0.7850428,2.3960845,-0.8410853,6.3811765
"<1783681525355>" ,-0.32713225,0.48759273,0.1961147,0.78535146,2.395962,-0.84113115,6.3809204
"<1783681525388>" ,-0.32616836,0.4862477,0.19649258,0.7864909,2.3953977,-0.84117746,6.380485
"<1783681525422>" ,-0.32539788,0.4847575,0.19633666,0.7877679,2.395024,-0.84135413,6.380017
"<1783681525455>" ,-0.32544836,0.48448795,0.19612293,0.7879661,2.3947136,-0.8417052,6.3794656
"<1783681525489>" ,-0.325923,0.4843992,0.19674833,0.7876686,2.3942182,-0.8421887,6.379186
"<1783681525520>" ,-0.32646757,0.4855817,0.19697133,0.7866585,2.3936925,-0.8426933,6.379073
"<1783681525555>" ,-0.32779226,0.4848797,0.19851562,0.7861523,2.3927476,-0.84337205,6.3790226
"<1783681525589>" ,-0.328317,0.48598686,0.19988714,0.78490126,2.3924868,-0.8439111,6.379263
"<1783681525621>" ,-0.32767203,0.48821887,0.2000389,0.783746,2.3924558,-0.84419906,6.379716
"<1783681525656>" ,-0.32750946,0.48814166,0.20098397,0.7836203,2.392077,-0.84469736,6.380154
"<1783681525690>" ,-0.32769868,0.48960924,0.20274997,0.78216934,2.391761,-0.8451073,6.3805847
"<1783681525722>" ,-0.32748455,0.49044076,0.2048571,0.7811884,2.3913066,-0.8454035,6.3809934
"<1783681525755>" ,-0.32695994,0.48920298,0.20686355,0.7816554,2.390718,-0.84565675,6.381377
"<1783681525790>" ,-0.32629526,0.48859197,0.20831108,0.7819308,2.3901954,-0.8457176,6.381374
"<1783681525823>" ,-0.32621688,0.48870462,0.20908597,0.7816862,2.3898523,-0.84565294,6.381233
"<1783681525856>" ,-0.32633537,0.48782566,0.20917033,0.78216314,2.389757,-0.84564704,6.3809237
"<1783681525889>" ,-0.3261847,0.48757604,0.2081169,0.78266245,2.3894796,-0.8456203,6.3809447
"<1783681525922>" ,-0.32716072,0.48630998,0.2071026,0.7833116,2.389514,-0.8456557,6.3803616
"<1783681525956>" ,-0.32881117,0.4867236,0.20542601,0.7828049,2.389701,-0.8454809,6.379491
"<1783681525990>" ,-0.3299041,0.48700145,0.2033436,0.782716,2.3898692,-0.84512454,6.3785334
"<1783681526022>" ,-0.32941687,0.48846787,0.20143257,0.78250146,2.3903873,-0.8446798,6.3781614
"<1783681526056>" ,-0.3292063,0.48876497,0.20079471,0.7825685,2.3905687,-0.8443718,6.3779564
"<1783681526090>" ,-0.32891566,0.4885994,0.2006343,0.78283525,2.3910573,-0.8438355,6.3782673
"<1783681526122>" ,-0.32817388,0.48828906,0.20101151,0.78324336,2.390956,-0.8433571,6.3784504
"<1783681526157>" ,-0.32731125,0.48766965,0.2018081,0.78378516,2.3907404,-0.8428851,6.378739
"<1783681526191>" ,-0.3263109,0.4875693,0.20232728,0.78413075,2.3910146,-0.84189177,6.379541
"<1783681526223>" ,-0.32571986,0.48811722,0.20204198,0.7841092,2.3911488,-0.84144765,6.379733
"<1783681526257>" ,-0.32570788,0.4888495,0.20159873,0.78377193,2.3914108,-0.84143037,6.3797994
"<1783681526291>" ,-0.32635558,0.4887327,0.20167841,0.7835548,2.391822,-0.8416467,6.3796096
"<1783681526324>" ,-0.3268495,0.49017066,0.20073643,0.78269213,2.392259,-0.8418363,6.3795986
"<1783681526358>" ,-0.32624453,0.49050575,0.20026597,0.7828551,2.3928344,-0.8419962,6.37989
"<1783681526391>" ,-0.32496738,0.48862243,0.20090234,0.78439957,2.3933954,-0.841976,6.379757
"<1783681526424>" ,-0.3230313,0.48999563,0.19984789,0.7846119,2.394514,-0.84159523,6.380114
"<1783681526457>" ,-0.3228284,0.490089,0.19920681,0.7848001,2.395306,-0.8414356,6.380081
"<1783681526491>" ,-0.3236091,0.4901359,0.19928856,0.7844285,2.3959568,-0.84139407,6.379792
"<1783681526525>" ,-0.32437682,0.4899418,0.19933774,0.7842201,2.3963625,-0.8414318,6.379655
"<1783681526558>" ,-0.3258645,0.49002132,0.19862543,0.7837343,2.3967907,-0.8414657,6.379466
"<1783681526594>" ,-0.32508373,0.49116263,0.197813,0.78354955,2.397629,-0.8414247,6.38004
"<1783681526625>" ,-0.32632083,0.48886466,0.19937828,0.78407556,2.3975701,-0.84186226,6.380221
"<1783681526659>" ,-0.32670814,0.48930615,0.1991371,0.7837,2.3978565,-0.8419705,6.380445
"<1783681526692>" ,-0.32578993,0.4892716,0.19831915,0.784311,2.3983593,-0.84196913,6.380881
"<1783681526724>" ,-0.3259414,0.48869187,0.19884074,0.78447735,2.3984456,-0.842057,6.381047
"<1783681526759>" ,-0.32621375,0.48911944,0.19917986,0.7840116,2.3985064,-0.8417055,6.3810077
"<1783681526794>" ,-0.32558528,0.48967963,0.19883426,0.78401095,2.398897,-0.840605,6.3810267
"<1783681526825>" ,-0.32566527,0.48898473,0.19892125,0.7843892,2.3989043,-0.83988094,6.3810267
"<1783681526860>" ,-0.32507798,0.4894021,0.19825883,0.7845402,2.3991888,-0.83896065,6.3812795
"<1783681526893>" ,-0.32423288,0.4892917,0.19797304,0.7850308,2.399628,-0.8380553,6.3815036
"<1783681526926>" ,-0.32406622,0.48918027,0.19811207,0.785134,2.3997467,-0.8372886,6.381767
"<1783681526960>" ,-0.32381913,0.48960128,0.19746035,0.78513765,2.399928,-0.8365745,6.381984
"<1783681526994>" ,-0.3243436,0.49114937,0.19605522,0.784306,2.4002059,-0.8358785,6.3822227
"<1783681527025>" ,-0.32534674,0.4910979,0.19557363,0.78404295,2.4000354,-0.8353161,6.38203
"<1783681527059>" ,-0.32512254,0.4908383,0.19531186,0.7843637,2.399935,-0.83450025,6.382068
"<1783681527094>" ,-0.3244699,0.4909141,0.19462521,0.7847571,2.3998082,-0.83323354,6.381921
"<1783681527126>" ,-0.32303205,0.4914069,0.19358525,0.7852988,2.3998184,-0.8314251,6.381928
"<1783681527159>" ,-0.32160342,0.49011692,0.19336595,0.7867441,2.3995438,-0.82923853,6.3818502
"<1783681527194>" ,-0.31882462,0.49059126,0.19163123,0.7880029,2.3996124,-0.82628626,6.381715
"<1783681527227>" ,-0.31553164,0.4912815,0.18872935,0.78959703,2.399888,-0.82330143,6.381879
"<1783681527261>" ,-0.3130966,0.49030545,0.18699011,0.79158425,2.3998163,-0.82057965,6.381913
"<1783681527295>" ,-0.3117949,0.49118468,0.18533257,0.79194283,2.3996606,-0.8181212,6.3817644
"<1783681527327>" ,-0.3115743,0.49089906,0.18445338,0.79241186,2.3993824,-0.8156645,6.381428
"<1783681527360>" ,-0.31021374,0.49022263,0.18440077,0.793376,2.3992672,-0.8129784,6.381424
"<1783681527394>" ,-0.30877846,0.49150187,0.1845522,0.7931093,2.3994086,-0.8094419,6.3809876
"<1783681527427>" ,-0.30694073,0.4919161,0.18550977,0.79334235,2.3996308,-0.8055602,6.3811297
"<1783681527461>" ,-0.3037663,0.49253875,0.18657044,0.79392886,2.4001508,-0.80088115,6.381604
"<1783681527495>" ,-0.2995355,0.4943954,0.1856381,0.79460055,2.4009483,-0.7950258,6.38208
"<1783681527528>" ,-0.2967698,0.49576986,0.18456009,0.79503304,2.4017208,-0.7887439,6.382025
"<1783681527561>" ,-0.29467842,0.4972108,0.18450856,0.794923,2.4022532,-0.78194714,6.381696
"<1783681527596>" ,-0.29243252,0.4970605,0.18547252,0.79562175,2.4020832,-0.77446187,6.381172
"<1783681527628>" ,-0.2890782,0.5003171,0.18571968,0.79474825,2.4028704,-0.7671516,6.381128
"<1783681527662>" ,-0.2868051,0.50054336,0.18660697,0.79522127,2.4034698,-0.7603862,6.3810043
"<1783681527695>" ,-0.28611863,0.49874282,0.18770371,0.796341,2.4035301,-0.753973,6.3807297
"<1783681527728>" ,-0.2845433,0.5002338,0.18697362,0.7961419,2.4049408,-0.7478755,6.3808713
"<1783681527761>" ,-0.28311762,0.50195557,0.18453307,0.79613596,2.4069173,-0.7418778,6.3812175
"<1783681527796>" ,-0.28102303,0.5042406,0.18119207,0.7962016,2.4094973,-0.7359057,6.3817043
"<1783681527829>" ,-0.2793263,0.50583947,0.17859194,0.7963719,2.411969,-0.7304571,6.382576
"<1783681527861>" ,-0.27760828,0.50571865,0.1773648,0.797323,2.414313,-0.72536135,6.383807
"<1783681527896>" ,-0.27410454,0.5069289,0.17606588,0.7980543,2.4171395,-0.72015435,6.3858232
"<1783681527928>" ,-0.2710061,0.5073746,0.17519431,0.7990204,2.4200656,-0.7155359,6.3880706
"<1783681527961>" ,-0.26891756,0.5089177,0.17486516,0.79881686,2.4230754,-0.7112267,6.390372
"<1783681527996>" ,-0.2669064,0.51069295,0.17413263,0.79851836,2.426346,-0.7070866,6.3929753
"<1783681528029>" ,-0.26511168,0.5114183,0.1730408,0.7988892,2.4297254,-0.70366436,6.395399
"<1783681528063>" ,-0.26360404,0.5129915,0.17188053,0.79862994,2.43334,-0.7008322,6.3978457
"<1783681528097>" ,-0.2624759,0.51301175,0.17102852,0.7991712,2.4368443,-0.6985567,6.400165
"<1783681528130>" ,-0.26109812,0.51420516,0.16935898,0.79921114,2.4408214,-0.69672114,6.402913
"<1783681528163>" ,-0.26032147,0.51589763,0.16733542,0.79879993,2.4444642,-0.69520664,6.4049416
"<1783681528197>" ,-0.26050174,0.5153146,0.16634546,0.79932404,2.4475327,-0.69416356,6.4073105
"<1783681528230>" ,-0.26102036,0.5155853,0.16611174,0.7990288,2.450157,-0.6932105,6.408975
"<1783681528264>" ,-0.26019856,0.51687807,0.16475381,0.7987428,2.4528236,-0.6922334,6.4106517
"<1783681528297>" ,-0.25791594,0.5173692,0.16297995,0.7995286,2.4553177,-0.6911614,6.41234
"<1783681528331>" ,-0.25603822,0.5166322,0.16265407,0.8006742,2.4571707,-0.690373,6.413912
"<1783681528364>" ,-0.25564638,0.51747096,0.16302964,0.80018127,2.4584763,-0.68989646,6.415008
"<1783681528400>" ,-0.25605005,0.51869905,0.16310063,0.7992421,2.4597445,-0.6894403,6.41582
"<1783681528431>" ,-0.25675744,0.5193894,0.1634654,0.7984919,2.4602385,-0.689746,6.416174
"<1783681528464>" ,-0.25785708,0.5195772,0.1644099,0.79782116,2.460367,-0.6904774,6.4161253
"<1783681528498>" ,-0.25930858,0.519373,0.16536145,0.7972868,2.460609,-0.69107145,6.416547
"<1783681528530>" ,-0.26045457,0.5196679,0.16576016,0.7966381,2.4607773,-0.69178224,6.4156857
"<1783681528564>" ,-0.26147965,0.51838917,0.16650532,0.79697996,2.4608493,-0.6926264,6.41423
"<1783681528598>" ,-0.26251066,0.5154409,0.16709532,0.7984284,2.461137,-0.69339937,6.412791
"<1783681528632>" ,-0.26346844,0.5126711,0.16663322,0.79999125,2.461528,-0.6943339,6.410075
"<1783681528664>" ,-0.2646674,0.50992364,0.16553305,0.8015784,2.4620583,-0.6952879,6.406559
"<1783681528698>" ,-0.26633844,0.50529087,0.16489002,0.8040872,2.4624863,-0.6965952,6.402921
"<1783681528731>" ,-0.2679014,0.49944988,0.1651006,0.8071681,2.4627132,-0.69819283,6.39844
"<1783681528765>" ,-0.2686683,0.49328783,0.1644268,0.81083184,2.4630823,-0.7000527,6.393312
"<1783681528798>" ,-0.27027524,0.48696625,0.16368183,0.8142625,2.4630752,-0.7022459,6.387797
"<1783681528831>" ,-0.27280375,0.48022845,0.16457932,0.8172346,2.4626777,-0.7046059,6.3815193
"<1783681528866>" ,-0.27464384,0.4723008,0.16654697,0.8208318,2.4618392,-0.7071751,6.375061
"<1783681528899>" ,-0.27613756,0.4648762,0.16880298,0.82410175,2.4597254,-0.71055,6.365406
"<1783681528932>" ,-0.27702615,0.46024802,0.17025442,0.8261003,2.4575665,-0.7124601,6.358883
"<1783681528966>" ,-0.27828115,0.45377663,0.1717772,0.8289385,2.4543655,-0.7140164,6.3517823
"<1783681528999>" ,-0.27821672,0.4519241,0.1706231,0.8302095,2.4512064,-0.7147325,6.344842
"<1783681529032>" ,-0.2782828,0.44974422,0.16881293,0.8317398,2.4472485,-0.7150043,6.3377967
"<1783681529066>" ,-0.27839658,0.44595167,0.16816594,0.8338721,2.4422505,-0.7155169,6.330776
"<1783681529099>" ,-0.2782137,0.44339982,0.16840546,0.8352445,2.4362142,-0.7163524,6.3237386
"<1783681529132>" ,-0.27870592,0.44168466,0.16906802,0.835855,2.429778,-0.71838063,6.3169374
"<1783681529165>" ,-0.28082827,0.439105,0.170198,0.8362744,2.422735,-0.72151613,6.310006
"<1783681529199>" ,-0.28239763,0.4377722,0.17005971,0.83647275,2.4152553,-0.72482944,6.302117
"<1783681529232>" ,-0.28312144,0.43631062,0.16948746,0.83710766,2.4083922,-0.72960716,6.295461
"<1783681529265>" ,-0.28465167,0.43317693,0.16908625,0.83829653,2.4013379,-0.7353804,6.288649
"<1783681529300>" ,-0.28805676,0.43012416,0.16867355,0.8387883,2.3944097,-0.74115807,6.2822714
"<1783681529333>" ,-0.29172242,0.4273202,0.16868623,0.83895195,2.3873067,-0.7478807,6.274959
"<1783681529366>" ,-0.29651314,0.4244321,0.170236,0.83842534,2.38011,-0.75505304,6.267433
"<1783681529399>" ,-0.3022599,0.42057073,0.17415944,0.8375128,2.3731194,-0.76218927,6.2608976
"<1783681529433>" ,-0.30476788,0.41702786,0.17912595,0.83732796,2.3666837,-0.7696223,6.254957
"<1783681529467>" ,-0.30448875,0.41361403,0.1818327,0.8385386,2.3614502,-0.7765374,6.250371
"<1783681529499>" ,-0.30433753,0.41212153,0.1839295,0.8388709,2.356542,-0.7825994,6.245261
"<1783681529534>" ,-0.30463386,0.4107924,0.1868831,0.8387625,2.3514814,-0.78801996,6.2396474
"<1783681529567>" ,-0.30635652,0.40924957,0.18896258,0.8384233,2.346511,-0.79307914,6.23364
"<1783681529600>" ,-0.3087056,0.40908515,0.19078179,0.837229,2.3419828,-0.7975908,6.228095
"<1783681529633>" ,-0.309997,0.40750444,0.19245194,0.83714056,2.3378816,-0.8022597,6.222857
"<1783681529668>" ,-0.31205815,0.40687075,0.19281507,0.83659923,2.3343847,-0.8065,6.2178507
"<1783681529700>" ,-0.31548834,0.40699276,0.19161257,0.83552897,2.3315706,-0.80989,6.2130404
"<1783681529734>" ,-0.31769004,0.40623716,0.18953317,0.83553666,2.3292835,-0.8130825,6.208654
"<1783681529768>" ,-0.31948856,0.40329438,0.18731213,0.8367765,2.327241,-0.8160185,6.2048244
"<1783681529801>" ,-0.32242703,0.4003081,0.18565321,0.83745277,2.3252742,-0.81884843,6.201731
"<1783681529834>" ,-0.32644233,0.40110242,0.18477488,0.8357096,2.3236039,-0.8215784,6.1989026
"<1783681529868>" ,-0.33195585,0.3989814,0.18468426,0.8345723,2.321663,-0.8243423,6.1962643
"<1783681529901>" ,-0.33545,0.39938304,0.18341224,0.83326256,2.3201418,-0.8262266,6.1944256
"<1783681529934>" ,-0.33806938,0.40039924,0.18179919,0.83206886,2.3191044,-0.82770836,6.1935897
"<1783681529968>" ,-0.33928493,0.4004942,0.18136539,0.831623,2.318023,-0.8290885,6.193426
"<1783681530001>" ,-0.3404173,0.40036055,0.18230814,0.8310182,2.3162272,-0.8304354,6.1928616
"<1783681530035>" ,-0.34125152,0.4000724,0.18422234,0.8303925,2.3146787,-0.8321666,6.193267
"<1783681530068>" ,-0.3419002,0.40096208,0.18646355,0.8291954,2.312781,-0.83407867,6.1932454
"<1783681530102>" ,-0.34451613,0.40286887,0.18838334,0.8267509,2.3111904,-0.8360535,6.1933265
"<1783681530135>" ,-0.3476428,0.40334445,0.19069545,0.82467747,2.3096244,-0.8379468,6.1934915
"<1783681530168>" ,-0.3484967,0.40482366,0.19286996,0.82308507,2.3083704,-0.83941394,6.1939
"<1783681530202>" ,-0.34726983,0.40639848,0.19405402,0.8225491,2.3077517,-0.84005904,6.194843
"<1783681530236>" ,-0.3446624,0.40597302,0.19448401,0.8237534,2.3075001,-0.840119,6.19594
"<1783681530269>" ,-0.34328553,0.40537536,0.19489801,0.82452446,2.3073359,-0.84007615,6.1966915
"<1783681530302>" ,-0.3444286,0.40422973,0.19616528,0.8243097,2.3069625,-0.84033585,6.1964073
"<1783681530336>" ,-0.3460063,0.40357348,0.19656791,0.8238745,2.3069928,-0.8408154,6.196314
"<1783681530369>" ,-0.34633538,0.40557548,0.19324635,0.8235388,2.3078449,-0.8404767,6.19578
"<1783681530403>" ,-0.34705493,0.4070219,0.18974186,0.8233372,2.308719,-0.8404972,6.195422
"<1783681530437>" ,-0.34878302,0.40662566,0.18817641,0.82316196,2.309188,-0.84075356,6.1949086
"<1783681530469>" ,-0.3494207,0.40663925,0.18638703,0.8232919,2.3095274,-0.84069437,6.1943536
"<1783681530503>" ,-0.3492635,0.4057056,0.18465601,0.8242088,2.3099627,-0.84068924,6.194287
"<1783681530536>" ,-0.34806257,0.40589708,0.18320078,0.8249469,2.3104672,-0.8406949,6.194786
"<1783681530570>" ,-0.34803578,0.40525538,0.18213741,0.82550895,2.3099859,-0.84061176,6.1943927
"<1783681530604>" ,-0.34892553,0.40647286,0.18132676,0.82471293,2.3097932,-0.84043795,6.1942434
"<1783681530637>" ,-0.34964034,0.40865356,0.18001841,0.8236184,2.3096519,-0.83998907,6.194157
"<1783681530670>" ,-0.35012493,0.41194504,0.17730871,0.8223597,2.3093243,-0.83927846,6.193757
"<1783681530703>" ,-0.3489661,0.417191,0.17417817,0.8208753,2.3096755,-0.837971,6.194155
"<1783681530737>" ,-0.34634572,0.4207107,0.17151347,0.8207498,2.31019,-0.8365116,6.194995
"<1783681530770>" ,-0.34347382,0.4249994,0.16873369,0.82032317,2.3109252,-0.83522785,6.1958246
"<1783681530805>" ,-0.34223232,0.4288462,0.1665583,0.819284,2.3110905,-0.834573,6.195751
"<1783681530838>" ,-0.34488767,0.43159607,0.16553852,0.8169298,2.3110614,-0.83482087,6.195128
"<1783681530871>" ,-0.34935674,0.43181288,0.1662295,0.81477314,2.3104744,-0.83525914,6.194135
"<1783681530904>" ,-0.353716,0.43097016,0.1667982,0.81322086,2.310152,-0.8357565,6.1932015
"<1783681530938>" ,-0.35613006,0.43288562,0.16544868,0.81142354,2.3108425,-0.83581245,6.192846
"<1783681530971>" ,-0.35593787,0.43222177,0.16352342,0.8122516,2.3119903,-0.83569217,6.1931415
"<1783681531005>" ,-0.35352233,0.43233114,0.16079989,0.81379056,2.3137422,-0.83521295,6.1939697
"<1783681531039>" ,-0.35206485,0.4322301,0.15833421,0.81495875,2.3153975,-0.83473516,6.1945176
"<1783681531071>" ,-0.35151848,0.43223396,0.15576403,0.8156875,2.316797,-0.83439285,6.194689
"<1783681531105>" ,-0.35188127,0.4341526,0.15365902,0.814911,2.3179376,-0.83432674,6.1947007
"<1783681531138>" ,-0.35359332,0.4325063,0.15403695,0.81497407,2.3181217,-0.8344938,6.1944094
"<1783681531172>" ,-0.35376024,0.43327284,0.15475751,0.8143577,2.3181882,-0.8344579,6.194171
"<1783681531205>" ,-0.35307044,0.43338636,0.15610208,0.81434005,2.3182397,-0.8342359,6.1944046
"<1783681531238>" ,-0.3517587,0.43229634,0.15855312,0.81501323,2.3182063,-0.83408,6.1949253
"<1783681531273>" ,-0.350687,0.43196437,0.16049235,0.8152715,2.318258,-0.8339505,6.195336
"<1783681531306>" ,-0.35112044,0.43064976,0.16159415,0.81556267,2.3186352,-0.83383113,6.1952558
"<1783681531338>" ,-0.35149446,0.43086424,0.16162066,0.81528306,2.3190966,-0.8335288,6.195193
"<1783681531372>" ,-0.35075474,0.43208823,0.16070807,0.81513417,2.320025,-0.83304,6.1953316
"<1783681531406>" ,-0.35014313,0.42890608,0.16085652,0.8170462,2.320428,-0.83266646,6.1953673
"<1783681531440>" ,-0.34883514,0.42953628,0.16048904,0.8173469,2.321056,-0.8320252,6.1957164
"<1783681531472>" ,-0.34844673,0.4292535,0.16076036,0.81760776,2.3216004,-0.8313509,6.1961546
"<1783681531508>" ,-0.34874597,0.4274309,0.16157952,0.81827325,2.3217235,-0.8309275,6.196352
"<1783681531540>" ,-0.3481253,0.42860362,0.16128327,0.81798244,2.3222346,-0.83027685,6.196853
"<1783681531573>" ,-0.34813184,0.42851973,0.16139726,0.8180013,2.3226678,-0.8296459,6.1973767
"<1783681531607>" ,-0.34799126,0.42943504,0.1614192,0.8175765,2.3235033,-0.82865375,6.198147
"<1783681531640>" ,-0.34703234,0.43027684,0.16132103,0.8175609,2.3243737,-0.827198,6.1991
"<1783681531674>" ,-0.3457114,0.4294279,0.16254012,0.81832516,2.325209,-0.8254751,6.2003183
"<1783681531707>" ,-0.3438687,0.42940924,0.16324094,0.81897163,2.3269851,-0.8229677,6.202187
"<1783681531740>" ,-0.34158146,0.43066084,0.16304678,0.8193101,2.3289077,-0.81987077,6.2041283
"<1783681531774>" ,-0.33908057,0.43049565,0.16366313,0.82031226,2.3313704,-0.8162771,6.2065
"<1783681531807>" ,-0.33534068,0.42830992,0.1651034,0.82270175,2.3339303,-0.8124345,6.2093897
"<1783681531840>" ,-0.3314836,0.4264604,0.16570231,0.8251018,2.3369892,-0.8083185,6.2127104
"<1783681531873>" ,-0.32753524,0.42746836,0.16506332,0.82628417,2.3409686,-0.80365163,6.216397
"<1783681531908>" ,-0.32488427,0.4246658,0.16583003,0.82861906,2.3446941,-0.79959553,6.2202067
"<1783681531940>" ,-0.3235895,0.42036504,0.167552,0.8309689,2.3484616,-0.79603416,6.224166
"<1783681531973>" ,-0.3225581,0.41956732,0.16839236,0.83160305,2.3532329,-0.7921254,6.2285547
"<1783681532007>" ,-0.32364443,0.4172525,0.16873106,0.83227664,2.3580244,-0.7883953,6.2325807
"<1783681532041>" ,-0.32593128,0.41459852,0.16985388,0.83248216,2.362947,-0.7847073,6.236587
"<1783681532074>" ,-0.32505956,0.4141369,0.17085437,0.83284795,2.3687122,-0.7807013,6.241464
"<1783681532108>" ,-0.32364982,0.4105501,0.17035866,0.8352708,2.3748825,-0.77613163,6.2465515
"<1783681532144>" ,-0.3219582,0.40922493,0.16936104,0.8367764,2.3813517,-0.77165556,6.2516446
"<1783681532175>" ,-0.32011476,0.4087049,0.17036194,0.8375343,2.3876493,-0.7673858,6.25662
"<1783681532208>" ,-0.32011598,0.40461817,0.17185009,0.83921236,2.393603,-0.7637338,6.2610297
"<1783681532241>" ,-0.32263234,0.40186745,0.17171954,0.8395971,2.399641,-0.7605331,6.264804
"<1783681532275>" ,-0.32621047,0.40381384,0.17142597,0.83733755,2.4059575,-0.7576963,6.2685447
"<1783681532309>" ,-0.32989717,0.40354916,0.17280582,0.8357356,2.4120622,-0.7553235,6.272227
"<1783681532342>" ,-0.3325305,0.40273032,0.17478454,0.8346749,2.418074,-0.7532699,6.2765527
"<1783681532375>" ,-0.3330898,0.40513864,0.17761436,0.8326866,2.4243672,-0.7512128,6.281797
"<1783681532409>" ,-0.3332078,0.40464452,0.18189019,0.8319564,2.4304276,-0.74961615,6.287287
"<1783681532443>" ,-0.3332804,0.40525526,0.18608168,0.8307021,2.4362607,-0.74794066,6.292576
"<1783681532476>" ,-0.33351853,0.40684026,0.19013771,0.82891124,2.4419565,-0.74620974,6.2976904
"<1783681532509>" ,-0.33411506,0.4056551,0.19469845,0.82819295,2.4470787,-0.7450352,6.3020053
"<1783681532543>" ,-0.33513615,0.40558964,0.19827089,0.826964,2.4525375,-0.743608,6.306441
"<1783681532576>" ,-0.33676165,0.40721262,0.19987214,0.82511854,2.45839,-0.74189615,6.3106937
"<1783681532610>" ,-0.33780706,0.40892416,0.20100577,0.8235679,2.4642167,-0.7402524,6.3143167
"<1783681532643>" ,-0.33895546,0.40860575,0.20233463,0.8229284,2.4702566,-0.73840046,6.3185635
"<1783681532677>" ,-0.3401697,0.40919673,0.20284712,0.8220071,2.4765341,-0.7364247,6.3229513
"<1783681532709>" ,-0.34092185,0.41048676,0.2036949,0.82084185,2.4826338,-0.73424953,6.3276105
"<1783681532743>" ,-0.34082654,0.40878126,0.20445138,0.8215441,2.488426,-0.7321336,6.331918
"<1783681532777>" ,-0.34055674,0.4073431,0.2037377,0.8225471,2.4940968,-0.73019147,6.335899
"<1783681532810>" ,-0.34107232,0.40877512,0.20293176,0.8218218,2.4993606,-0.72845364,6.339542
"<1783681532843>" ,-0.34326366,0.40679005,0.20252112,0.8219958,2.5037766,-0.72751296,6.3422537
"<1783681532876>" ,-0.3450494,0.40598768,0.20056844,0.8221236,2.507845,-0.72683656,6.3446736
"<1783681532911>" ,-0.34556013,0.40902373,0.19836213,0.8209386,2.5116382,-0.7259574,6.3471847
"<1783681532944>" ,-0.34666947,0.4085912,0.19895394,0.820543,2.5144506,-0.7259295,6.349553
"<1783681532977>" ,-0.3474331,0.4086877,0.20051381,0.8197919,2.5165215,-0.7259362,6.3518486
"<1783681533011>" ,-0.3476083,0.41056237,0.20222639,0.8183591,2.518392,-0.72614944,6.3542156
"<1783681533044>" ,-0.34818664,0.4118653,0.20433898,0.8169324,2.5198758,-0.7267076,6.3563776
"<1783681533077>" ,-0.34948727,0.41364118,0.20584933,0.8150985,2.521065,-0.727273,6.3582025
"<1783681533111>" ,-0.35146612,0.41646713,0.20674236,0.8125788,2.5222363,-0.72738826,6.359573
"<1783681533144>" ,-0.35226086,0.41919574,0.20750897,0.81063384,2.5231237,-0.7272071,6.3612385
"<1783681533177>" ,-0.35165265,0.42138088,0.20780168,0.8096894,2.5243757,-0.72671103,6.3634777
"<1783681533211>" ,-0.3502838,0.42301115,0.20878753,0.80917895,2.5251696,-0.7262279,6.3656716
"<1783681533244>" ,-0.34955502,0.42360225,0.2102704,0.8088009,2.5254362,-0.7258949,6.36739
"<1783681533278>" ,-0.34962603,0.42504448,0.21067101,0.8079087,2.5256097,-0.7255915,6.3685594
"<1783681533311>" ,-0.35000834,0.42674017,0.21003155,0.8070153,2.5260353,-0.7250305,6.3702445
"<1783681533345>" ,-0.3509927,0.42780498,0.20923153,0.80623144,2.5262284,-0.7247353,6.3709435
"<1783681533379>" ,-0.35156217,0.4276287,0.20978548,0.8059328,2.526281,-0.7245992,6.371403
"<1783681533412>" ,-0.3502352,0.42644253,0.21088658,0.8068512,2.5263836,-0.72431433,6.3720193
"<1783681533446>" ,-0.34807172,0.4263375,0.21106772,0.80779505,2.5268822,-0.72392356,6.372832
"<1783681533478>" ,-0.34729904,0.42517522,0.2117157,0.8085702,2.5269084,-0.7237169,6.373155
"<1783681533512>" ,-0.34717092,0.4236032,0.21227357,0.8093038,2.527006,-0.723507,6.373133
