"<1783681654573>" ,-0.34674948,0.44376287,0.22105633,0.7962245,2.556965,-0.73064125,6.585691
"<1783681654616>" ,-0.351165,0.44472274,0.21887742,0.7943535,2.5564377,-0.7310807,6.5848384
"<1783681654633>" ,-0.3524602,0.44283664,0.21866213,0.7948927,2.5559866,-0.7314834,6.584382
"<1783681654667>" ,-0.35339475,0.43991995,0.21756345,0.7963973,2.5554543,-0.73210096,6.583779
"<1783681654700>" ,-0.35302684,0.44038084,0.21661444,0.79656446,2.5552225,-0.732236,6.5836926
"<1783681654733>" ,-0.3518286,0.43994302,0.21647413,0.79737425,2.5548742,-0.7326775,6.583879
"<1783681654767>" ,-0.35038942,0.43884245,0.21718456,0.7984206,2.554237,-0.7333526,6.584223
"<1783681654800>" ,-0.34998333,0.4381625,0.21863286,0.7985768,2.5530536,-0.7342889,6.5842795
"<1783681654833>" ,-0.35012218,0.43922958,0.21934088,0.79773515,2.5519466,-0.73512125,6.5844874
"<1783681654866>" ,-0.35051614,0.44225758,0.21975625,0.79577243,2.5509052,-0.7359094,6.584631
"<1783681654900>" ,-0.35075185,0.44480607,0.2202307,0.79411536,2.5499103,-0.7363493,6.584353
"<1783681654933>" ,-0.34953555,0.44933838,0.22066404,0.7919768,2.5491786,-0.73749214,6.5842166
"<1783681654966>" ,-0.34726867,0.45488387,0.22192673,0.7894515,2.548653,-0.7390607,6.583723
"<1783681655000>" ,-0.34441537,0.4572161,0.22457767,0.788604,2.5475938,-0.7414713,6.582973
"<1783681655033>" ,-0.3415463,0.45737526,0.22703855,0.7890548,2.5463617,-0.7445374,6.581843
"<1783681655066>" ,-0.33903536,0.45676377,0.22874211,0.78999937,2.544984,-0.7479278,6.5804935
"<1783681655103>" ,-0.3368839,0.45719314,0.22855842,0.79072416,2.5435908,-0.7512139,6.5784173
"<1783681655135>" ,-0.3350348,0.45965624,0.22579534,0.7908757,2.5422018,-0.7545078,6.5759563
"<1783681655167>" ,-0.33285746,0.46203154,0.22336476,0.7911011,2.5402586,-0.7580357,6.573261
"<1783681655199>" ,-0.3297077,0.46148902,0.2240506,0.79254144,2.5371473,-0.76231277,6.570628
"<1783681655234>" ,-0.3264932,0.45768577,0.22826749,0.794871,2.53278,-0.76738876,6.568191
"<1783681655267>" ,-0.3227339,0.45425263,0.2340175,0.79670143,2.5278687,-0.77277255,6.566189
"<1783681655301>" ,-0.31915644,0.45254678,0.23999232,0.7973357,2.522542,-0.7783832,6.5646057
"<1783681655335>" ,-0.31593773,0.4523461,0.24557342,0.797032,2.5169563,-0.7840468,6.563381
"<1783681655367>" ,-0.3137098,0.45302096,0.24999894,0.7961524,2.5113175,-0.78934133,6.562413
"<1783681655401>" ,-0.31268772,0.45522976,0.25255257,0.7944869,2.5056376,-0.7942956,6.561173
"<1783681655435>" ,-0.31332576,0.45826647,0.25259352,0.7924741,2.4999638,-0.7987857,6.559569
"<1783681655468>" ,-0.31512,0.46200454,0.25212196,0.7897377,2.4943361,-0.8024029,6.557453
"<1783681655501>" ,-0.31749058,0.463896,0.2505154,0.78818923,2.4885142,-0.8054569,6.5548983
"<1783681655534>" ,-0.31943616,0.46385542,0.24687685,0.788575,2.4828687,-0.8078302,6.5520673
"<1783681655568>" ,-0.31982568,0.464332,0.24195251,0.7896622,2.4775052,-0.80962515,6.549081
"<1783681655601>" ,-0.32003197,0.46276286,0.23672198,0.7920813,2.4722044,-0.8110853,6.5460653
"<1783681655635>" ,-0.32144555,0.4610416,0.23305799,0.7935977,2.4665556,-0.81251556,6.5431466
"<1783681655669>" ,-0.32323626,0.45960748,0.23205675,0.79399556,2.4610484,-0.8132476,6.5407357
"<1783681655702>" ,-0.3245888,0.45870703,0.23198734,0.7939848,2.4552338,-0.81415564,6.538658
"<1783681655736>" ,-0.32441756,0.45967877,0.23304969,0.7931813,2.4495854,-0.8150613,6.537182
"<1783681655768>" ,-0.32190204,0.4591582,0.23607713,0.79361224,2.4443753,-0.81581867,6.5364375
"<1783681655803>" ,-0.3188887,0.45892063,0.24024789,0.7937145,2.4394188,-0.81687266,6.536047
"<1783681655836>" ,-0.31699666,0.45770454,0.24401988,0.7940239,2.4347477,-0.81808907,6.5355687
"<1783681655868>" ,-0.3162198,0.45711672,0.24661624,0.79387015,2.4307542,-0.81874853,6.5351872
"<1783681655903>" ,-0.31593275,0.45879844,0.2469184,0.7929198,2.4275608,-0.8190762,6.5346546
"<1783681655935>" ,-0.31446132,0.46090564,0.2448266,0.7929313,2.4251022,-0.81908727,6.534108
"<1783681655969>" ,-0.3123805,0.46216714,0.24243145,0.793755,2.4229062,-0.8190364,6.5335193
"<1783681656002>" ,-0.30916706,0.46231955,0.23827463,0.79617935,2.420002,-0.8191071,6.531889
"<1783681656036>" ,-0.30920058,0.46329522,0.2366205,0.7960925,2.4178529,-0.8200488,6.530889
"<1783681656071>" ,-0.31073746,0.46441913,0.23576227,0.79509324,2.4151332,-0.8210197,6.52981
"<1783681656104>" ,-0.3130707,0.46426368,0.23494157,0.7945114,2.4132802,-0.8226601,6.5288286
"<1783681656136>" ,-0.31435767,0.46473712,0.23336445,0.79419124,2.412371,-0.8241641,6.5281405
"<1783681656170>" ,-0.3127004,0.4655188,0.23153186,0.79492366,2.4124632,-0.8250967,6.527846
"<1783681656203>" ,-0.30990002,0.46522778,0.22886996,0.79695904,2.4131355,-0.8259563,6.5276413
"<1783681656237>" ,-0.30562678,0.46764216,0.22511542,0.79826444,2.4144819,-0.8266076,6.5275903
"<1783681656270>" ,-0.30229113,0.46876553,0.22404933,0.7991751,2.4153116,-0.8280106,6.5270634
"<1783681656306>" ,-0.3032686,0.46601337,0.22643398,0.79974204,2.4148538,-0.82972664,6.5265117
"<1783681656337>" ,-0.30562398,0.46513867,0.22681904,0.79924536,2.4145975,-0.83094203,6.5256834
"<1783681656371>" ,-0.30671418,0.4677838,0.22450952,0.79793495,2.4155388,-0.8315231,6.5247107
"<1783681656405>" ,-0.30696058,0.4703271,0.22332709,0.7966759,2.4158766,-0.8318516,6.524216
"<1783681656437>" ,-0.30624723,0.4699698,0.22484967,0.7967331,2.4156816,-0.83222526,6.524063
"<1783681656470>" ,-0.3054257,0.47025278,0.22665717,0.79636925,2.4156158,-0.8323813,6.523784
"<1783681656504>" ,-0.3046366,0.47196677,0.22817232,0.7952241,2.4157462,-0.8325138,6.524048
"<1783681656538>" ,-0.30381227,0.4717278,0.22962016,0.7952645,2.4157133,-0.83275783,6.524295
"<1783681656571>" ,-0.30298576,0.47246158,0.23092738,0.7947655,2.4159236,-0.83285177,6.524184
"<1783681656605>" ,-0.30144998,0.47424722,0.23038185,0.79444426,2.4164674,-0.8327106,6.5241427
"<1783681656638>" ,-0.29946354,0.476439,0.2296508,0.7940957,2.4169815,-0.8324986,6.523965
"<1783681656671>" ,-0.29734328,0.4778575,0.22953504,0.7940735,2.4171326,-0.83228135,6.523963
"<1783681656705>" ,-0.2953462,0.47898793,0.23083788,0.79376006,2.4167423,-0.8326237,6.523935
"<1783681656738>" ,-0.29373968,0.48091435,0.23221561,0.7927889,2.4161851,-0.83307296,6.523697
"<1783681656772>" ,-0.29297358,0.4820179,0.23263061,0.7922804,2.415201,-0.8329792,6.5234046
"<1783681656806>" ,-0.29149908,0.48315093,0.23231566,0.7922265,2.4147081,-0.832975,6.522788
"<1783681656839>" ,-0.2895805,0.4844708,0.23088886,0.79254115,2.4145832,-0.8327394,6.522011
"<1783681656872>" ,-0.28784648,0.485627,0.22911595,0.79297966,2.414463,-0.83207333,6.521301
"<1783681656906>" ,-0.28563008,0.4868725,0.22838922,0.79322696,2.4142349,-0.8317734,6.520661
"<1783681656939>" ,-0.2826868,0.48622382,0.23016874,0.7941643,2.41358,-0.83182275,6.5200877
"<1783681656973>" ,-0.2818461,0.48604926,0.23213878,0.7939965,2.4129305,-0.831738,6.5191817
"<1783681657006>" ,-0.28401864,0.48644456,0.23189582,0.7930507,2.4123578,-0.83148986,6.518289
"<1783681657040>" ,-0.2866912,0.4869642,0.23248065,0.7915976,2.4119124,-0.8315603,6.517591
"<1783681657073>" ,-0.28724208,0.4874699,0.23305322,0.79091793,2.4120927,-0.83099043,6.518206
"<1783681657106>" ,-0.28592873,0.48864177,0.2336614,0.7904912,2.4125912,-0.8308679,6.51864
"<1783681657141>" ,-0.2843791,0.48938736,0.23468798,0.7902848,2.4131143,-0.8307098,6.5192947
"<1783681657175>" ,-0.28357202,0.49055058,0.23648687,0.7893168,2.4134219,-0.83080137,6.51988
"<1783681657212>" ,-0.28237247,0.4906466,0.23787594,0.78926975,2.4136207,-0.83098984,6.520341
"<1783681657242>" ,-0.28132126,0.49104688,0.23785521,0.78940237,2.4138248,-0.8307877,6.5206513
"<1783681657282>" ,-0.2817673,0.49139854,0.23766686,0.7890812,2.4136674,-0.8304032,6.5204053
"<1783681657308>" ,-0.28285664,0.49153012,0.23865941,0.7883096,2.4131055,-0.8302114,6.5200496
"<1783681657346>" ,-0.2837819,0.49184534,0.23931456,0.78758144,2.412595,-0.82992864,6.5195837
"<1783681657380>" ,-0.28619638,0.4924709,0.2385648,0.7865436,2.4126236,-0.8293029,6.5186105
"<1783681657415>" ,-0.28957635,0.49214125,0.23834394,0.7855792,2.412124,-0.82848835,6.517565
"<1783681657448>" ,-0.29121187,0.49196112,0.23717171,0.7854422,2.412074,-0.8274035,6.5166554
"<1783681657494>" ,-0.29260823,0.49127543,0.23588851,0.7857388,2.4121017,-0.826487,6.515393
"<1783681657535>" ,-0.2943496,0.49028406,0.23588662,0.78570825,2.4120014,-0.82579494,6.5146337
"<1783681657565>" ,-0.2951577,0.49044713,0.23640682,0.7851467,2.4121094,-0.8251674,6.514156
"<1783681657596>" ,-0.29556534,0.49059153,0.23750775,0.7845707,2.4122348,-0.8243859,6.513913
"<1783681657615>" ,-0.29612342,0.49087894,0.2387075,0.783816,2.4123073,-0.8232859,6.5137405
"<1783681657647>" ,-0.2963468,0.49202627,0.23934643,0.7828167,2.41251,-0.8220991,6.5134053
"<1783681657684>" ,-0.29562557,0.49198925,0.23873045,0.7833007,2.4131296,-0.8203998,6.513043
"<1783681657709>" ,-0.29382753,0.49191287,0.23690489,0.7845784,2.4138994,-0.81869745,6.512692
"<1783681657743>" ,-0.2936289,0.49186647,0.23642164,0.78482753,2.4141045,-0.8172395,6.512224
"<1783681657781>" ,-0.29491872,0.4911129,0.23817931,0.7842842,2.4137285,-0.8165276,6.5111876
"<1783681657816>" ,-0.2954788,0.4903237,0.24038756,0.7838933,2.4135108,-0.8156038,6.510429
"<1783681657844>" ,-0.2956315,0.49102333,0.24049404,0.78336495,2.4141607,-0.8140518,6.509487
"<1783681657883>" ,-0.29595977,0.49150923,0.23922773,0.78332406,2.4154406,-0.8116487,6.5080514
"<1783681657916>" ,-0.29466543,0.4920734,0.2376982,0.78392327,2.4173853,-0.8090589,6.5068974
"<1783681657944>" ,-0.2933008,0.49127147,0.23667291,0.785247,2.419262,-0.8064546,6.5055094
"<1783681657979>" ,-0.29243582,0.48945406,0.23676832,0.7866745,2.4209502,-0.8039043,6.504098
"<1783681658032>" ,-0.29056954,0.48868132,0.23690653,0.787804,2.4230132,-0.8013886,6.502794
"<1783681658050>" ,-0.28939888,0.48828328,0.23716553,0.78840363,2.4241261,-0.80021095,6.5021234
"<1783681658082>" ,-0.28694755,0.48510635,0.23860684,0.79082215,2.427524,-0.79703784,6.4995728
"<1783681658117>" ,-0.28690642,0.48345256,0.23722203,0.7922652,2.430195,-0.7947097,6.4971538
"<1783681658153>" ,-0.28765115,0.48266175,0.2341244,0.79339784,2.4332788,-0.7922703,6.4942737
"<1783681658184>" ,-0.2880468,0.48151892,0.23299204,0.7942816,2.4361787,-0.790525,6.4917836
"<1783681658224>" ,-0.28762892,0.479847,0.23453191,0.7949913,2.4389653,-0.7897074,6.4899077
"<1783681658243>" ,-0.2875559,0.47768265,0.23700535,0.7955874,2.4420695,-0.7891091,6.4882584
"<1783681658278>" ,-0.28699413,0.47681728,0.23868588,0.79580694,2.4454372,-0.78855556,6.486872
"<1783681658309>" ,-0.28518903,0.4770056,0.24000691,0.7959457,2.448883,-0.78805333,6.485732
"<1783681658345>" ,-0.28332773,0.47538042,0.24205658,0.7969614,2.4517958,-0.7875766,6.484543
"<1783681658378>" ,-0.28186077,0.47424275,0.24398246,0.79757184,2.4541645,-0.78718334,6.4831653
"<1783681658409>" ,-0.2816663,0.47386745,0.24481116,0.7976097,2.4558904,-0.7867111,6.481399
"<1783681658443>" ,-0.2819533,0.47323525,0.24454229,0.79796606,2.4569733,-0.7859677,6.4795327
"<1783681658481>" ,-0.2821235,0.47235346,0.2439812,0.79859984,2.4575846,-0.7851962,6.477654
"<1783681658511>" ,-0.2815516,0.4709449,0.2429736,0.79993963,2.4579191,-0.78436273,6.4759064
"<1783681658545>" ,-0.2807352,0.47045323,0.2411682,0.80106145,2.4581156,-0.7832053,6.4742837
"<1783681658581>" ,-0.27980652,0.47066095,0.23884778,0.80195904,2.4580739,-0.78169596,6.472895
"<1783681658610>" ,-0.27820948,0.4708776,0.2374003,0.8028168,2.4577143,-0.7802613,6.4719186
"<1783681658644>" ,-0.27617803,0.47135448,0.23640846,0.80353075,2.4571185,-0.77911353,6.471212
"<1783681658678>" ,-0.27452934,0.47156635,0.23633516,0.80399287,2.4560583,-0.77851987,6.470556
"<1783681658714>" ,-0.27310705,0.47176826,0.23669626,0.8042525,2.4546843,-0.7784388,6.469864
"<1783681658743>" ,-0.27246463,0.47269383,0.23591524,0.8041564,2.4529765,-0.77851534,6.469014
"<1783681658777>" ,-0.27406204,0.47338846,0.23579735,0.80323905,2.4503803,-0.779008,6.467747
"<1783681658814>" ,-0.27826765,0.47234488,0.23731261,0.80196023,2.4466176,-0.7800578,6.4660754
"<1783681658845>" ,-0.28220162,0.4719017,0.2383641,0.80053335,2.4426012,-0.78100914,6.464516
"<1783681658881>" ,-0.2847778,0.4721425,0.238687,0.79938203,2.4388118,-0.781708,6.462937
"<1783681658915>" ,-0.2843739,0.4725673,0.23785238,0.79952353,2.4356394,-0.7820409,6.4615874
"<1783681658947>" ,-0.28336957,0.47107115,0.23831303,0.8006251,2.4324174,-0.7821791,6.4605713
"<1783681658979>" ,-0.28254494,0.46840554,0.24019723,0.8019164,2.4291651,-0.7823384,6.4595566
"<1783681659012>" ,-0.28178918,0.46843082,0.24030508,0.80213517,2.4267874,-0.7822398,6.458474
"<1783681659045>" ,-0.28162244,0.46921432,0.23908977,0.802099,2.4250488,-0.78194195,6.4572186
"<1783681659078>" ,-0.2816442,0.46828094,0.23977616,0.8024318,2.4234607,-0.78196317,6.4562106
"<1783681659111>" ,-0.28096414,0.4673386,0.24143402,0.8027225,2.4225116,-0.78204995,6.4555507
"<1783681659145>" ,-0.27949417,0.46731412,0.24211924,0.8030435,2.4226348,-0.7819513,6.4547625
"<1783681659178>" ,-0.27859077,0.4670217,0.24323729,0.8031896,2.4235382,-0.7818735,6.453846
"<1783681659212>" ,-0.2784994,0.46536684,0.24469662,0.80373836,2.425155,-0.7816858,6.452606
"<1783681659246>" ,-0.27883938,0.46343336,0.24431747,0.80485225,2.4278638,-0.78102446,6.4508185
"<1783681659279>" ,-0.2787773,0.46212223,0.24144156,0.80649376,2.4317353,-0.7797477,6.4485903
"<1783681659314>" ,-0.2793824,0.4588691,0.23931915,0.8087713,2.4357305,-0.7781662,6.44581
"<1783681659345>" ,-0.2805352,0.4547173,0.23796758,0.8111125,2.4396803,-0.77635294,6.442477
"<1783681659378>" ,-0.28174725,0.45231593,0.23611628,0.8125748,2.4440691,-0.77439284,6.4385624
"<1783681659413>" ,-0.28265634,0.4496316,0.23514406,0.8140295,2.4486494,-0.77256924,6.4342895
"<1783681659446>" ,-0.28261536,0.44572082,0.23389769,0.8165496,2.4534957,-0.7705743,6.4299083
"<1783681659479>" ,-0.28194818,0.4435179,0.23201554,0.8185145,2.4586027,-0.76821697,6.4253488
"<1783681659513>" ,-0.28099158,0.44170785,0.23146246,0.81997746,2.4634047,-0.76568615,6.4207177
"<1783681659547>" ,-0.27900732,0.43907228,0.23228613,0.8218355,2.4677298,-0.7630127,6.4163356
"<1783681659581>" ,-0.27621546,0.43665835,0.23310481,0.8238305,2.4720566,-0.75990796,6.412032
"<1783681659613>" ,-0.27290428,0.4357826,0.23302628,0.8254184,2.4765854,-0.7564019,6.4077344
"<1783681659647>" ,-0.26900244,0.43465942,0.23296908,0.8273055,2.481027,-0.75287604,6.4034166
"<1783681659680>" ,-0.2655992,0.43208176,0.23402742,0.82945377,2.485014,-0.7496326,6.3986363
"<1783681659713>" ,-0.26348656,0.4301553,0.23458959,0.8309687,2.4888191,-0.74647707,6.393284
"<1783681659746>" ,-0.26182914,0.42857558,0.23352899,0.83260596,2.492734,-0.7433321,6.387607
"<1783681659781>" ,-0.26070827,0.42560303,0.23288035,0.83466154,2.4964778,-0.74058974,6.381383
"<1783681659815>" ,-0.2602377,0.4217695,0.23284867,0.8367606,2.4999561,-0.738462,6.375012
"<1783681659848>" ,-0.26015234,0.4188746,0.23230699,0.8383903,2.503422,-0.736674,6.3683944
"<1783681659881>" ,-0.26063848,0.41667518,0.23203914,0.8394088,2.506801,-0.73503596,6.361447
"<1783681659914>" ,-0.26111677,0.41407552,0.23315482,0.840237,2.5098302,-0.7339424,6.3545413
"<1783681659946>" ,-0.26069838,0.41170532,0.23452783,0.84114903,2.5126705,-0.7332876,6.3471656
"<1783681659981>" ,-0.25974578,0.41008985,0.23395124,0.84239256,2.5158453,-0.73256296,6.339968
"<1783681660015>" ,-0.25957963,0.4094834,0.2332116,0.8429437,2.5188904,-0.7319366,6.3332067
"<1783681660047>" ,-0.25992534,0.40782246,0.23405847,0.8434076,2.5212057,-0.73176086,6.3264055
"<1783681660081>" ,-0.25908312,0.4076097,0.2343035,0.8437015,2.5237575,-0.7315328,6.3201284
"<1783681660113>" ,-0.25813478,0.4093,0.23444587,0.84313405,2.5263844,-0.73131657,6.3141646
"<1783681660147>" ,-0.25739038,0.40945584,0.23544125,0.8430086,2.5285835,-0.73150563,6.3082314
"<1783681660181>" ,-0.2564558,0.4105601,0.23577212,0.8426639,2.5309467,-0.7319686,6.302424
"<1783681660216>" ,-0.2553182,0.4129941,0.23512477,0.8420005,2.5334833,-0.73255146,6.2967215
"<1783681660251>" ,-0.25437033,0.41552052,0.23402551,0.8413504,2.5359275,-0.73345697,6.2909937
"<1783681660283>" ,-0.25338098,0.41840908,0.23203947,0.84076726,2.5383916,-0.7347041,6.285377
"<1783681660315>" ,-0.2543046,0.42263144,0.23097703,0.8386665,2.5404272,-0.73644686,6.279641
"<1783681660350>" ,-0.25620836,0.42601144,0.22979005,0.8367007,2.542184,-0.7388597,6.2745094
"<1783681660384>" ,-0.2580734,0.42963794,0.2281368,0.83472335,2.5437994,-0.7417458,6.269204
"<1783681660416>" ,-0.25960842,0.43353888,0.22786868,0.83230007,2.5450408,-0.7452534,6.2640004
"<1783681660450>" ,-0.261323,0.43536216,0.22897951,0.83050495,2.54565,-0.74931604,6.2590528
"<1783681660484>" ,-0.26258737,0.43653315,0.2307556,0.82899857,2.545714,-0.7535216,6.254658
"<1783681660516>" ,-0.2624837,0.43698946,0.23244485,0.8283187,2.5456305,-0.75774765,6.2507524
"<1783681660550>" ,-0.26160508,0.43784022,0.2330949,0.8279646,2.545733,-0.761696,6.246972
"<1783681660583>" ,-0.26118818,0.4385706,0.23262694,0.82784134,2.545552,-0.765084,6.24354
"<1783681660615>" ,-0.26283136,0.43934733,0.23248054,0.8269501,2.5448523,-0.7683596,6.2402225
"<1783681660650>" ,-0.26613253,0.44215974,0.23161118,0.824636,2.5443683,-0.771352,6.2370358
"<1783681660684>" ,-0.26934537,0.44641417,0.22881408,0.82207763,2.5443077,-0.77415144,6.2342463
"<1783681660717>" ,-0.27146164,0.4493681,0.22553729,0.82067645,2.5444424,-0.7773372,6.231977
"<1783681660750>" ,-0.27359235,0.45054558,0.22357617,0.81985945,2.5448463,-0.7806932,6.2302113
"<1783681660784>" ,-0.27552533,0.44853565,0.22425799,0.82012796,2.5445733,-0.7843415,6.2285876
"<1783681660817>" ,-0.2768507,0.4466275,0.22628038,0.8201675,2.5440867,-0.7881522,6.2270994
"<1783681660851>" ,-0.2791011,0.44464892,0.2284011,0.8198919,2.5435135,-0.7920184,6.225459
"<1783681660885>" ,-0.28276214,0.4424939,0.22956683,0.81947774,2.5429375,-0.7958616,6.2235966
"<1783681660917>" ,-0.28637618,0.44172916,0.22933534,0.8186997,2.5427237,-0.7991408,6.221905
"<1783681660951>" ,-0.28827855,0.44291958,0.22835083,0.8176635,2.5430512,-0.80165374,6.2208204
"<1783681660985>" ,-0.2895521,0.44440845,0.22812988,0.81646645,2.5433352,-0.80371904,6.2202706
"<1783681661017>" ,-0.28912365,0.443912,0.22963223,0.8164672,2.543382,-0.80569243,6.2203536
"<1783681661051>" ,-0.2865017,0.44443262,0.23213765,0.8163998,2.543856,-0.8077314,6.2209845
"<1783681661086>" ,-0.2857013,0.44683883,0.23384096,0.8148793,2.5445948,-0.80930775,6.2213616
"<1783681661118>" ,-0.2874137,0.4475795,0.23283859,0.81415725,2.5453572,-0.8104496,6.2210894
"<1783681661150>" ,-0.2890678,0.4485549,0.22966911,0.8139351,2.5466821,-0.81127614,6.220519
"<1783681661185>" ,-0.2885818,0.44807103,0.22511481,0.8156447,2.5486388,-0.8111936,6.2201195
"<1783681661217>" ,-0.28755048,0.44669464,0.21968438,0.81824034,2.5508428,-0.8101131,6.219693
"<1783681661252>" ,-0.28579172,0.44466868,0.213206,0.82166666,2.552622,-0.8083196,6.21938
"<1783681661285>" ,-0.2836434,0.4443452,0.20807917,0.8238973,2.5538723,-0.8068021,6.219063
"<1783681661318>" ,-0.2835769,0.44422776,0.20718731,0.8242083,2.554061,-0.80607694,6.218678
"<1783681661352>" ,-0.28415018,0.44627076,0.2072933,0.8228794,2.5542924,-0.80557996,6.2182117
"<1783681661385>" ,-0.28613678,0.44741943,0.20830083,0.82131135,2.5539856,-0.80524766,6.2177005
"<1783681661419>" ,-0.2871187,0.44873306,0.20797436,0.82033414,2.554009,-0.8047217,6.2176538
"<1783681661453>" ,-0.28672665,0.4507639,0.20702904,0.81959665,2.5545287,-0.80377156,6.2179136
"<1783681661486>" ,-0.28546223,0.4507008,0.20687877,0.8201105,2.5547416,-0.8023128,6.2186728
"<1783681661519>" ,-0.28244993,0.44955015,0.20524298,0.8221934,2.5554698,-0.80062324,6.2195954
"<1783681661553>" ,-0.27958766,0.4521427,0.2017887,0.822605,2.5567899,-0.7986937,6.2204466
"<1783681661587>" ,-0.27882987,0.4511018,0.20063351,0.82371557,2.5573695,-0.7972254,6.2208652
"<1783681661620>" ,-0.28000012,0.44819844,0.20129348,0.8247418,2.5571725,-0.79639256,6.221167
"<1783681661653>" ,-0.28095174,0.4487793,0.20318583,0.82363755,2.55675,-0.7957561,6.2218375
"<1783681661686>" ,-0.2811707,0.4501147,0.2053594,0.82229394,2.5565,-0.7950064,6.222975
"<1783681661720>" ,-0.28140533,0.45008123,0.2076232,0.82166326,2.5560997,-0.7941326,6.2241235
"<1783681661752>" ,-0.28038412,0.44935736,0.2092961,0.8219841,2.5558891,-0.79287773,6.2253275
"<1783681661787>" ,-0.27815512,0.44838718,0.21001448,0.8230872,2.5561626,-0.7911142,6.2266326
"<1783681661819>" ,-0.2749052,0.4480757,0.21027042,0.82428247,2.5569108,-0.7889972,6.228015
"<1783681661853>" ,-0.27325377,0.4471511,0.2112325,0.8250873,2.5575516,-0.78667766,6.22933
"<1783681661887>" ,-0.2726973,0.446534,0.21173449,0.8254768,2.5583372,-0.78431535,6.230337
"<1783681661920>" ,-0.2723953,0.44794574,0.21176623,0.82480335,2.5594342,-0.7820482,6.2311945
"<1783681661954>" ,-0.27358928,0.4503462,0.2111249,0.8232639,2.5604775,-0.7795521,6.2317457
"<1783681661987>" ,-0.27497378,0.4544289,0.20921855,0.82104284,2.561557,-0.7761091,6.232358
"<1783681662020>" ,-0.27293345,0.46021384,0.20617913,0.8192684,2.5631132,-0.77198005,6.233628
"<1783681662053>" ,-0.26949817,0.45990896,0.20426883,0.8210534,2.5641747,-0.76803005,6.2351704
"<1783681662087>" ,-0.26475003,0.45585486,0.20404649,0.8249053,2.5646253,-0.76442105,6.237325
"<1783681662121>" ,-0.26028556,0.45106614,0.20516181,0.82867324,2.5649397,-0.7612679,6.239675
"<1783681662154>" ,-0.25865138,0.44632068,0.20730934,0.83121604,2.5651927,-0.75878155,6.2419176
"<1783681662188>" ,-0.25940704,0.44472325,0.20845681,0.8315497,2.5659997,-0.7571135,6.2439957
"<1783681662221>" ,-0.2620181,0.4475912,0.20825669,0.8292393,2.5673702,-0.75578284,6.2463603
"<1783681662255>" ,-0.26593423,0.45065552,0.20850208,0.826266,2.5687616,-0.75442916,6.249529
"<1783681662289>" ,-0.27058414,0.44988522,0.20871176,0.82512236,2.5702612,-0.75363624,6.252633
"<1783681662321>" ,-0.27542153,0.44671777,0.20668322,0.8257531,2.5722964,-0.75281465,6.2555017
"<1783681662354>" ,-0.27764368,0.44255868,0.20171094,0.8284736,2.575244,-0.7516802,6.258662
"<1783681662389>" ,-0.27890557,0.43796638,0.19642133,0.8317547,2.5785103,-0.7509101,6.2622166
"<1783681662422>" ,-0.2818213,0.43279365,0.1945754,0.8339105,2.5810497,-0.75049734,6.2660666
"<1783681662455>" ,-0.28509262,0.42910662,0.19434309,0.8347577,2.5833738,-0.7497174,6.2699633
"<1783681662488>" ,-0.2869279,0.42684618,0.19442847,0.8352677,2.585905,-0.74831295,6.274359
"<1783681662523>" ,-0.2864412,0.4238878,0.19480225,0.8368528,2.590193,-0.74565506,6.281908
"<1783681662556>" ,-0.28683186,0.42337453,0.19390677,0.8371868,2.593481,-0.74271333,6.28694
"<1783681662589>" ,-0.28755125,0.42509264,0.19150299,0.8366224,2.5971026,-0.7390677,6.2921453
"<1783681662621>" ,-0.28819552,0.42545924,0.19008869,0.836537,2.6006572,-0.7354068,6.2976494
"<1783681662656>" ,-0.28875864,0.4249122,0.18946806,0.8367616,2.6044192,-0.73182505,6.3035316
"<1783681662689>" ,-0.29071906,0.4226065,0.18854322,0.8374591,2.6082537,-0.7285962,6.3095036
"<1783681662722>" ,-0.29369017,0.42297983,0.1869315,0.8365947,2.6124737,-0.72553945,6.315841
"<1783681662756>" ,-0.29590356,0.42403933,0.18606246,0.8354714,2.6168227,-0.72305727,6.3227615
"<1783681662790>" ,-0.29935828,0.4213216,0.1871489,0.8353729,2.6206858,-0.7212699,6.329614
"<1783681662822>" ,-0.30439648,0.421144,0.18802233,0.8334436,2.6245549,-0.7193916,6.3363266
"<1783681662856>" ,-0.3093611,0.42174736,0.18833706,0.8312364,2.628321,-0.7171792,6.342879
"<1783681662891>" ,-0.31003022,0.42079943,0.18987209,0.83111835,2.6323366,-0.7154134,6.3501387
"<1783681662922>" ,-0.30912176,0.4160617,0.19398546,0.8328902,2.6358094,-0.7142875,6.35736
"<1783681662958>" ,-0.30832183,0.40754354,0.19951907,0.83608496,2.6384315,-0.7135893,6.364405
"<1783681662990>" ,-0.30556762,0.40199545,0.20601875,0.8382031,2.6408188,-0.71297336,6.3715434
"<1783681663023>" ,-0.30287358,0.3997859,0.21353854,0.8383556,2.6426492,-0.71237147,6.378447
"<1783681663057>" ,-0.30077344,0.39919657,0.2221575,0.83715206,2.643995,-0.71155936,6.3845816
"<1783681663091>" ,-0.29797715,0.3997039,0.23041141,0.8356776,2.6450255,-0.71089005,6.39049
"<1783681663124>" ,-0.29564446,0.39859194,0.23693848,0.83521193,2.645703,-0.71029997,6.3957567
"<1783681663157>" ,-0.29366958,0.3965204,0.24213035,0.8354057,2.6460059,-0.7093934,6.4000525
"<1783681663190>" ,-0.2904937,0.39175174,0.24520415,0.83786565,2.6467276,-0.7079269,6.4037995
"<1783681663223>" ,-0.28723082,0.3854131,0.24412616,0.84223366,2.6478708,-0.7061408,6.40678
"<1783681663257>" ,-0.28515434,0.38286513,0.24167153,0.84480536,2.6492996,-0.70443875,6.408958
"<1783681663291>" ,-0.28549403,0.38133264,0.238052,0.84641,2.6506424,-0.70293593,6.41029
"<1783681663324>" ,-0.28659815,0.3812886,0.23331103,0.8473762,2.6517687,-0.7020137,6.4103303
"<1783681663358>" ,-0.288742,0.37959424,0.23027413,0.8482394,2.652428,-0.7016244,6.409992
"<1783681663391>" ,-0.2929873,0.37640348,0.22887222,0.8485849,2.6523159,-0.7017439,6.4085927
"<1783681663425>" ,-0.29789302,0.3732565,0.22809646,0.8484759,2.6518025,-0.7018211,6.4067364
"<1783681663458>" ,-0.29973733,0.3683967,0.2280733,0.8499553,2.65138,-0.70146596,6.4051714
"<1783681663492>" ,-0.29525548,0.3648044,0.2260444,0.8536076,2.6523793,-0.7000637,6.4052305
"<1783681663525>" ,-0.29042402,0.3622295,0.22132395,0.8575893,2.653578,-0.69811076,6.404605
"<1783681663559>" ,-0.2866245,0.36157545,0.21451025,0.8608687,2.6549048,-0.6955306,6.4035954
"<1783681663591>" ,-0.28345954,0.3609149,0.20649159,0.8641483,2.655959,-0.693094,6.401962
"<1783681663625>" ,-0.28204817,0.3614002,0.19969356,0.86600304,2.6569874,-0.69112134,6.400119
"<1783681663658>" ,-0.28515267,0.36163706,0.19460112,0.8660467,2.657243,-0.68990433,6.397349
"<1783681663693>" ,-0.29153225,0.3610114,0.18885346,0.865456,2.65737,-0.68933713,6.393705
"<1783681663725>" ,-0.29395193,0.37074614,0.1837797,0.8616058,2.658768,-0.6888958,6.390615
"<1783681663759>" ,-0.29888105,0.39219394,0.1791909,0.8513193,2.661142,-0.68853176,6.3878093
"<1783681663792>" ,-0.3125295,0.40171087,0.17372958,0.8430728,2.6618109,-0.6891642,6.383076
"<1783681663827>" ,-0.32658184,0.4050381,0.16800974,0.837294,2.6618493,-0.69029534,6.378298
"<1783681663858>" ,-0.33598307,0.4100944,0.16153145,0.8323734,2.6625874,-0.6912011,6.37493
"<1783681663892>" ,-0.34066987,0.40865144,0.15771423,0.83191,2.6635513,-0.6915506,6.373729
"<1783681663926>" ,-0.34122846,0.4029643,0.15633637,0.8347107,2.663912,-0.6921793,6.3729186
"<1783681663959>" ,-0.33857077,0.4013694,0.15523368,0.8367646,2.6645784,-0.69221866,6.37306
"<1783681663993>" ,-0.3366694,0.4003456,0.15471897,0.8381164,2.6647527,-0.69163054,6.3732944
"<1783681664026>" ,-0.33669224,0.39778048,0.153999,0.83946013,2.6646268,-0.6913384,6.373033
"<1783681664059>" ,-0.33664513,0.3977104,0.15179779,0.8399131,2.6647668,-0.6906944,6.372589
"<1783681664094>" ,-0.33826506,0.39752346,0.14965503,0.83973515,2.6646664,-0.68911254,6.3711057
"<1783681664127>" ,-0.3382611,0.3955478,0.14723527,0.8410964,2.6648304,-0.68734175,6.370198
"<1783681664161>" ,-0.3346748,0.39257845,0.14565937,0.8441909,2.6653996,-0.6856464,6.3702197
"<1783681664194>" ,-0.32982418,0.3865177,0.14725642,0.8486081,2.665444,-0.6839295,6.370808
"<1783681664227>" ,-0.32390934,0.38030037,0.14942245,0.85330373,2.6656868,-0.68254846,6.371755
"<1783681664259>" ,-0.3197322,0.37573895,0.1513904,0.8565468,2.6658678,-0.6814577,6.3725305
"<1783681664294>" ,-0.31696078,0.3737015,0.15264638,0.8582436,2.665955,-0.6807169,6.372727
"<1783681664327>" ,-0.31687674,0.37319553,0.15374705,0.85829836,2.6657794,-0.680553,6.372645
"<1783681664361>" ,-0.3193911,0.3705025,0.15534736,0.85824496,2.6651266,-0.68089414,6.371931
"<1783681664394>" ,-0.32096484,0.36707324,0.15633582,0.8589517,2.6643183,-0.6813661,6.3713346
"<1783681664428>" ,-0.32050812,0.36376795,0.1561839,0.8605545,2.664331,-0.6818439,6.371227
"<1783681664461>" ,-0.31988358,0.36123064,0.15580352,0.8619235,2.664622,-0.6821107,6.3714914
"<1783681664494>" ,-0.31979403,0.36094484,0.1565927,0.86193347,2.6645644,-0.68254685,6.3717685
"<1783681664527>" ,-0.3199395,0.36098623,0.15835084,0.8615409,2.6641982,-0.68332547,6.3720355
"<1783681664561>" ,-0.3211545,0.36051288,0.16019258,0.86094624,2.663663,-0.6843896,6.3722477
"<1783681664594>" ,-0.32220477,0.3609635,0.16104348,0.86020607,2.6637402,-0.68513495,6.372823
"<1783681664628>" ,-0.32357773,0.36161444,0.16158326,0.8593156,2.663626,-0.6860755,6.373222
"<1783681664661>" ,-0.32469606,0.3624034,0.16116227,0.85864013,2.663853,-0.68676376,6.373835
"<1783681664695>" ,-0.32492837,0.363317,0.1604537,0.85829884,2.6642427,-0.68730396,6.374435
"<1783681664729>" ,-0.32558343,0.3628202,0.16093212,0.85817116,2.6643333,-0.6879958,6.3747625
"<1783681664761>" ,-0.32648197,0.3627629,0.16132866,0.85777944,2.6643143,-0.68869823,6.3749075
"<1783681664794>" ,-0.32825127,0.36452958,0.16098046,0.8564196,2.66399,-0.6889597,6.374874
"<1783681664829>" ,-0.3300532,0.36576548,0.16074997,0.8552426,2.6637511,-0.6891147,6.3747087
"<1783681664862>" ,-0.32999948,0.36592528,0.16040543,0.8552597,2.6636584,-0.6889798,6.3747888
"<1783681664894>" ,-0.32854682,0.36638534,0.1596605,0.8557612,2.6639276,-0.68844473,6.3754067
"<1783681664928>" ,-0.32777834,0.36536732,0.15890035,0.8566322,2.664016,-0.6878716,6.3754964
"<1783681664962>" ,-0.32752073,0.36765683,0.15800476,0.85591656,2.6640296,-0.68731344,6.3754816
"<1783681664995>" ,-0.33107552,0.3707757,0.15838143,0.8531294,2.6630406,-0.68746793,6.374593
"<1783681665028>" ,-0.33185527,0.37050954,0.1590457,0.8528184,2.6625013,-0.68771255,6.374182
"<1783681665064>" ,-0.32970187,0.36926815,0.15930091,0.85414344,2.6625276,-0.6877112,6.374351
"<1783681665095>" ,-0.32809055,0.368159,0.1583585,0.85541695,2.66296,-0.6875482,6.3744173
"<1783681665129>" ,-0.3275586,0.36772403,0.15678474,0.8560975,2.6635616,-0.687441,6.374252
"<1783681665163>" ,-0.32770026,0.3662564,0.1561642,0.8567856,2.663905,-0.68768895,6.3739214
"<1783681665196>" ,-0.32837585,0.36587313,0.15631738,0.8566627,2.663678,-0.68808186,6.3736515
"<1783681665229>" ,-0.3292346,0.36576882,0.15609428,0.8564183,2.6637201,-0.68828213,6.373214
"<1783681665263>" ,-0.33019385,0.36566538,0.1552024,0.85625523,2.6638348,-0.68819577,6.372743
"<1783681665299>" ,-0.33046234,0.36580676,0.15444428,0.85622835,2.663949,-0.6879951,6.3726244
"<1783681665333>" ,-0.32994026,0.3653952,0.15453167,0.85658956,2.6639993,-0.68761855,6.3726664
"<1783681665363>" ,-0.3288241,0.36473998,0.15547349,0.8571274,2.6639385,-0.68722415,6.3729634
"<1783681665397>" ,-0.32771587,0.3662586,0.15600173,0.8568083,2.6638675,-0.6866262,6.3735104
"<1783681665429>" ,-0.32873634,0.36812276,0.15626192,0.85557014,2.6637187,-0.6866753,6.3733697
"<1783681665464>" ,-0.32982817,0.36653712,0.15743926,0.8556149,2.6633415,-0.68717176,6.3733706
"<1783681665497>" ,-0.32880187,0.3649411,0.15849172,0.85649735,2.6634061,-0.68753976,6.373686
"<1783681665530>" ,-0.32765967,0.3636098,0.15851605,0.8574962,2.6637301,-0.68748325,6.373869
"<1783681665564>" ,-0.327125,0.36273187,0.15757963,0.85824436,2.6640632,-0.68718797,6.3736005
"<1783681665598>" ,-0.32640573,0.36218613,0.15659289,0.8589291,2.6643958,-0.6869234,6.3733764
"<1783681665630>" ,-0.32593036,0.3612569,0.15687613,0.8594491,2.6643755,-0.6869822,6.373078
"<1783681665665>" ,-0.3266615,0.36066875,0.15793467,0.8592246,2.6639824,-0.6873118,6.372607
"<1783681665698>" ,-0.32805073,0.36070135,0.15804392,0.8586614,2.6636205,-0.6873488,6.371932
"<1783681665730>" ,-0.32856905,0.36142454,0.15762167,0.8582366,2.6633346,-0.68739253,6.371719
"<1783681665764>" ,-0.32823673,0.3613466,0.1575056,0.85841787,2.6629941,-0.68747,6.371934
"<1783681665798>" ,-0.32700112,0.3615442,0.15803882,0.8587082,2.6625967,-0.6874098,6.3726625
"<1783681665832>" ,-0.32633424,0.36112607,0.15990685,0.858792,2.6620002,-0.6874882,6.3734283
"<1783681665865>" ,-0.3257267,0.361411,0.16121183,0.85865885,2.661549,-0.68742234,6.3741965
"<1783681665899>" ,-0.3249806,0.36316296,0.1612414,0.8581966,2.661576,-0.68708366,6.3750777
"<1783681665931>" ,-0.3243926,0.36367977,0.16180046,0.858095,2.6614864,-0.6870636,6.375684
"<1783681665966>" ,-0.324179,0.36349294,0.16296697,0.85803413,2.6612742,-0.687278,6.3759665
"<1783681665998>" ,-0.32495105,0.36456424,0.16277495,0.85732377,2.661119,-0.6873815,6.3759255
"<1783681666032>" ,-0.32767043,0.3650882,0.1615811,0.856291,2.6610973,-0.6878682,6.3750663
"<1783681666066>" ,-0.32944354,0.3635317,0.16132864,0.85632044,2.6610632,-0.6880523,6.374451
"<1783681666099>" ,-0.3288872,0.36194676,0.16001248,0.8574519,2.6616287,-0.6881061,6.374123
"<1783681666132>" ,-0.3280178,0.36123398,0.15775546,0.8585031,2.6624553,-0.6879698,6.37391
"<1783681666167>" ,-0.32754666,0.36038512,0.1563879,0.8592896,2.6629345,-0.6879772,6.373738
"<1783681666199>" ,-0.32841802,0.35962468,0.15643297,0.85926735,2.6629395,-0.6884529,6.3734627
"<1783681666234>" ,-0.3304199,0.35957712,0.15708117,0.85840106,2.6626031,-0.6891179,6.3731713
"<1783681666266>" ,-0.33175057,0.3601735,0.15736534,0.85758543,2.6623602,-0.689525,6.373383
"<1783681666300>" ,-0.33195812,0.3600004,0.15805778,0.8574504,2.662153,-0.6898621,6.3738165
"<1783681666333>" ,-0.33144575,0.35985935,0.15828452,0.857666,2.6620648,-0.689832,6.3744044
"<1783681666367>" ,-0.33074698,0.36038595,0.15764852,0.8578318,2.6620445,-0.6894199,6.3749523
"<1783681666399>" ,-0.32965213,0.3612746,0.15757741,0.85789245,2.6620157,-0.68874264,6.3752007
"<1783681666433>" ,-0.3291879,0.3613978,0.15897076,0.85776174,2.6615236,-0.688538,6.3755617
"<1783681666466>" ,-0.32922542,0.3614485,0.16058403,0.8574254,2.6609306,-0.6884498,6.375902
"<1783681666500>" ,-0.32851627,0.3628865,0.1612127,0.8569719,2.6605306,-0.68829167,6.3764987
"<1783681666532>" ,-0.327762,0.3629755,0.16193537,0.85708684,2.6603584,-0.6880549,6.376934
"<1783681666566>" ,-0.32653663,0.36256874,0.16237701,0.85764295,2.6604216,-0.68780077,6.3773794
"<1783681666601>" ,-0.325888,0.36394402,0.16223724,0.85733354,2.660625,-0.68752474,6.377709
"<1783681666632>" ,-0.3253852,0.3641176,0.16256282,0.85738915,2.6608067,-0.68735933,6.3779106
"<1783681666666>" ,-0.32474133,0.36260575,0.16293553,0.8582029,2.6608136,-0.68709236,6.377945
