"<1783681741725>" ,-0.44796526,0.40858412,0.34862489,0.7147355,2.474056,-0.62771904,6.4949985
"<1783681741758>" ,-0.44748956,0.40949035,0.3485759,0.71453875,2.4746761,-0.62724745,6.494821
"<1783681741773>" ,-0.4475718,0.40883705,0.34860602,0.7148465,2.4749606,-0.6270261,6.4946485
"<1783681741806>" ,-0.4468308,0.407305,0.34773234,0.716608,2.4756694,-0.626724,6.4941683
"<1783681741840>" ,-0.44591007,0.40689167,0.3462878,0.71811426,2.476379,-0.62634194,6.493623
"<1783681741874>" ,-0.44636714,0.4066928,0.345904,0.71812797,2.47659,-0.6261458,6.493042
"<1783681741908>" ,-0.44706684,0.40684766,0.34563333,0.7177351,2.476588,-0.62603104,6.4925623
"<1783681741940>" ,-0.44755867,0.40687335,0.34478453,0.7178224,2.4765975,-0.6257755,6.4921846
"<1783681741973>" ,-0.4472642,0.4065978,0.34427485,0.7184064,2.4765608,-0.6255076,6.4920335
"<1783681742008>" ,-0.44624406,0.40695086,0.34451115,0.71872747,2.4763796,-0.6253334,6.4922104
"<1783681742041>" ,-0.44519976,0.4066899,0.34505248,0.71926296,2.4760418,-0.6253932,6.4924693
"<1783681742074>" ,-0.44529557,0.4067579,0.34534997,0.71902245,2.475607,-0.625655,6.49247
"<1783681742106>" ,-0.44689465,0.4083865,0.34572992,0.71692145,2.475083,-0.626073,6.4924097
"<1783681742141>" ,-0.44866487,0.409071,0.3461981,0.7151976,2.4745593,-0.6267692,6.4923115
"<1783681742174>" ,-0.4493973,0.40942648,0.34680787,0.71423817,2.4740374,-0.6275628,6.4922996
"<1783681742207>" ,-0.45023933,0.41013157,0.34740233,0.7130134,2.473565,-0.62818617,6.4921203
"<1783681742241>" ,-0.45063767,0.41152757,0.34769428,0.7118141,2.4730473,-0.6283742,6.4918957
"<1783681742276>" ,-0.45082515,0.41148108,0.34859386,0.7112821,2.4724054,-0.62852573,6.491542
"<1783681742309>" ,-0.45077428,0.41063252,0.34876326,0.71172154,2.4719834,-0.6285393,6.490968
"<1783681742341>" ,-0.45041528,0.4101377,0.34726015,0.71296805,2.4720323,-0.6282727,6.490175
"<1783681742375>" ,-0.4500699,0.40661415,0.34568936,0.71596146,2.4722748,-0.6282297,6.4889693
"<1783681742408>" ,-0.44959757,0.4032291,0.3441864,0.7188908,2.4725745,-0.6282321,6.4875674
"<1783681742441>" ,-0.4500143,0.4008649,0.34307167,0.72048336,2.4727733,-0.62836003,6.4857597
"<1783681742475>" ,-0.45203146,0.39581123,0.34155044,0.72273386,2.472899,-0.6285939,6.4831285
"<1783681742509>" ,-0.45518816,0.39427584,0.33940685,0.72260165,2.47322,-0.62848544,6.480468
"<1783681742543>" ,-0.45954388,0.39207834,0.33882716,0.72131133,2.4732504,-0.62874496,6.477776
"<1783681742576>" ,-0.46449414,0.39069465,0.33753678,0.71949416,2.4733207,-0.62895966,6.4751143
"<1783681742609>" ,-0.46865013,0.39166358,0.3348724,0.7175146,2.4737513,-0.62887007,6.4728417
"<1783681742643>" ,-0.47179642,0.3919695,0.33405486,0.7156643,2.4740748,-0.62878335,6.471296
"<1783681742677>" ,-0.4728004,0.3917004,0.3349764,0.71471775,2.4743426,-0.6287543,6.470423
"<1783681742709>" ,-0.4728282,0.3914157,0.3358574,0.7144418,2.4747982,-0.6285634,6.4698944
"<1783681742743>" ,-0.4726619,0.39225098,0.33506584,0.7144653,2.475584,-0.62782276,6.46957
"<1783681742776>" ,-0.47278082,0.39427987,0.33466303,0.713458,2.4761043,-0.62717724,6.46953
"<1783681742809>" ,-0.4729102,0.39651954,0.33599257,0.71150345,2.4762394,-0.62667376,6.4698973
"<1783681742843>" ,-0.47185504,0.39801502,0.33822614,0.71030974,2.4764369,-0.62588316,6.470615
"<1783681742877>" ,-0.46876976,0.39940435,0.34116444,0.7101675,2.4766216,-0.62460726,6.4717855
"<1783681742910>" ,-0.4640559,0.4007903,0.34421697,0.7110091,2.4770262,-0.6232531,6.473287
"<1783681742944>" ,-0.45787084,0.40235347,0.34654155,0.7130042,2.4776218,-0.6218368,6.474986
"<1783681742977>" ,-0.4517689,0.40802592,0.34707132,0.71341515,2.4785554,-0.6199502,6.476816
"<1783681743011>" ,-0.44968745,0.41098484,0.3481956,0.71248335,2.4789572,-0.6192401,6.4779816
"<1783681743044>" ,-0.45065898,0.41351494,0.34753698,0.71072495,2.4791703,-0.61889744,6.47838
"<1783681743077>" ,-0.4516165,0.41853133,0.3448924,0.7084655,2.4798152,-0.6180981,6.478681
"<1783681743110>" ,-0.4513376,0.41999948,0.3436728,0.7083669,2.4802227,-0.61769104,6.4788923
"<1783681743144>" ,-0.45046347,0.42105153,0.34363157,0.7083188,2.4802618,-0.6177419,6.4790454
"<1783681743177>" ,-0.448684,0.42335466,0.34359688,0.70809233,2.48013,-0.6176365,6.479667
"<1783681743211>" ,-0.44769192,0.42344797,0.34585294,0.7075659,2.479408,-0.61811626,6.4803386
"<1783681743244>" ,-0.44688883,0.4212734,0.3480485,0.70829463,2.478525,-0.61904305,6.4806027
"<1783681743279>" ,-0.44667888,0.4224998,0.34832102,0.70756227,2.4778671,-0.61940086,6.480884
"<1783681743310>" ,-0.4465998,0.4224437,0.3500318,0.706801,2.4768622,-0.6200807,6.4811296
"<1783681743344>" ,-0.44615346,0.42094627,0.35296685,0.70651656,2.4755478,-0.62128145,6.481333
"<1783681743377>" ,-0.44567722,0.42259708,0.35554448,0.70453644,2.4742951,-0.622183,6.4816785
"<1783681743410>" ,-0.44498906,0.4249806,0.3574607,0.7025654,2.473083,-0.62288046,6.4818807
"<1783681743445>" ,-0.4435263,0.4285613,0.35907668,0.7004881,2.4718678,-0.6235046,6.4820266
"<1783681743478>" ,-0.4406644,0.43363842,0.36219707,0.6975571,2.4701693,-0.62460196,6.482214
"<1783681743511>" ,-0.4375067,0.43984658,0.36565056,0.69384605,2.4684055,-0.6256106,6.4824257
"<1783681743546>" ,-0.43469036,0.45087388,0.36853492,0.6869782,2.466654,-0.6261238,6.4825726
"<1783681743578>" ,-0.43169132,0.46414325,0.373684,0.67718077,2.4643242,-0.62712586,6.482722
"<1783681743611>" ,-0.4293485,0.47402462,0.38104868,0.66765434,2.4613538,-0.62888,6.4825706
"<1783681743645>" ,-0.42517683,0.4880743,0.38885057,0.655594,2.4586098,-0.630444,6.482867
"<1783681743678>" ,-0.41831484,0.5032584,0.4008386,0.6411489,2.4556913,-0.6328206,6.4836473
"<1783681743712>" ,-0.4087445,0.5128558,0.41712353,0.6292176,2.4523313,-0.6364765,6.484425
"<1783681743745>" ,-0.3959303,0.5182864,0.4350831,0.62074244,2.4489188,-0.640591,6.4853053
"<1783681743779>" ,-0.38095817,0.5250274,0.4531364,0.6114609,2.446022,-0.64437443,6.486476
"<1783681743812>" ,-0.36468622,0.53033763,0.47128427,0.60302323,2.4434168,-0.6484302,6.4877095
"<1783681743845>" ,-0.35010165,0.5321858,0.488642,0.5961846,2.4405253,-0.6531467,6.4885473
"<1783681743881>" ,-0.34075314,0.53657144,0.5021833,0.5863362,2.4382305,-0.6569419,6.48858
"<1783681743913>" ,-0.3344187,0.5411275,0.513759,0.57567066,2.4351594,-0.66109574,6.4880285
"<1783681743946>" ,-0.32937124,0.5447359,0.52500415,0.564932,2.431824,-0.6654842,6.4872065
"<1783681743979>" ,-0.32295856,0.5485766,0.53590137,0.5545912,2.4287286,-0.6699822,6.4864783
"<1783681744013>" ,-0.31375918,0.5518641,0.5481541,0.5445441,2.4259574,-0.67484576,6.4861865
"<1783681744046>" ,-0.3016819,0.55772847,0.56026953,0.53294003,2.4239404,-0.67969763,6.486323
"<1783681744079>" ,-0.28776085,0.5652569,0.57419413,0.51766735,2.4226663,-0.6843797,6.4870286
"<1783681744112>" ,-0.2721023,0.57052994,0.5899046,0.50246245,2.4214263,-0.69005704,6.4878607
"<1783681744147>" ,-0.25463802,0.5787476,0.60312325,0.48626423,2.4214053,-0.6947979,6.4889245
"<1783681744179>" ,-0.23609787,0.5873983,0.61653656,0.4680851,2.4219646,-0.6996747,6.49013
"<1783681744213>" ,-0.2161873,0.5914852,0.63334495,0.44975817,2.4221745,-0.70558494,6.4916716
"<1783681744246>" ,-0.19294672,0.59607863,0.6502429,0.42970464,2.4236436,-0.7112059,6.493552
"<1783681744280>" ,-0.16868618,0.5992242,0.66751033,0.4085404,2.4256063,-0.7170463,6.495497
"<1783681744313>" ,-0.14537184,0.60064864,0.68455803,0.38661152,2.427457,-0.722901,6.4975452
"<1783681744347>" ,-0.12519017,0.60251635,0.6995288,0.3632641,2.4292488,-0.72771525,6.499687
"<1783681744380>" ,-0.108658634,0.60608125,0.7100132,0.3416724,2.4307976,-0.73068964,6.5013723
"<1783681744413>" ,-0.0966053,0.6108768,0.7168649,0.32187188,2.4313014,-0.7328637,6.502859
"<1783681744447>" ,-0.08794526,0.6141629,0.72164744,0.30707404,2.4303665,-0.734644,6.50424
"<1783681744482>" ,-0.08188615,0.61886305,0.72384524,0.29385582,2.4297302,-0.7359745,6.5055146
"<1783681744514>" ,-0.0752651,0.6232823,0.7256776,0.28150713,2.4281929,-0.73715335,6.506753
"<1783681744547>" ,-0.06967591,0.62936795,0.7255072,0.26959315,2.4264758,-0.73786366,6.5078797
"<1783681744581>" ,-0.06777075,0.63585484,0.72472644,0.2566464,2.4244618,-0.7380066,6.5093226
"<1783681744613>" ,-0.067900114,0.6424304,0.7229443,0.24499828,2.421976,-0.7380053,6.510914
"<1783681744647>" ,-0.067457154,0.64931387,0.7207446,0.23317009,2.4200668,-0.7377385,6.5127707
"<1783681744681>" ,-0.066227786,0.6540504,0.7204385,0.22090788,2.418368,-0.7379689,6.5148487
"<1783681744714>" ,-0.058714315,0.6612656,0.71855986,0.20724878,2.4163969,-0.73848003,6.518226
"<1783681744748>" ,-0.051863696,0.6660281,0.71759456,0.19691294,2.4159455,-0.738883,6.5206237
"<1783681744781>" ,-0.043506123,0.6679999,0.7181447,0.1901355,2.4149704,-0.7404494,6.5231137
"<1783681744815>" ,-0.0361498,0.6671613,0.720824,0.18439539,2.4134047,-0.7431575,6.525746
"<1783681744848>" ,-0.03407696,0.66568524,0.72451323,0.1754493,2.4115045,-0.74619186,6.528687
"<1783681744882>" ,-0.03282297,0.66461486,0.7273874,0.16768207,2.4093125,-0.7492918,6.531583
"<1783681744915>" ,-0.02778945,0.6638651,0.7294343,0.16259278,2.4076207,-0.75250804,6.534325
"<1783681744949>" ,-0.019524964,0.66236645,0.7314062,0.16104151,2.4061444,-0.7562135,6.536905
"<1783681744983>" ,-0.012498624,0.6609968,0.733374,0.15839674,2.4051623,-0.7602235,6.539254
"<1783681745016>" ,-0.00965553,0.6587481,0.73644775,0.1536304,2.403146,-0.76432216,6.54155
"<1783681745049>" ,-0.009586926,0.65712446,0.73889244,0.14877354,2.4006908,-0.76773316,6.5440297
"<1783681745083>" ,-0.011048812,0.6573137,0.7394957,0.14478527,2.3980267,-0.77074575,6.546336
"<1783681745116>" ,-0.014185792,0.6583879,0.73896474,0.14232078,2.394943,-0.77357745,6.548695
"<1783681745150>" ,-0.017958185,0.65856606,0.7389045,0.14138067,2.390758,-0.77652085,6.5516896
"<1783681745183>" ,-0.020660952,0.6572256,0.7402179,0.14037488,2.3869987,-0.7799393,6.554584
"<1783681745216>" ,-0.021475298,0.6557875,0.7419334,0.13789974,2.3840327,-0.7832255,6.557366
"<1783681745249>" ,-0.01958527,0.6538804,0.7438044,0.13715655,2.3808775,-0.78666055,6.559247
"<1783681745282>" ,-0.017299986,0.65267175,0.74512947,0.13602269,2.3780553,-0.789562,6.561424
"<1783681745317>" ,-0.018316435,0.652036,0.74602824,0.13399774,2.3749669,-0.7919447,6.56378
"<1783681745350>" ,-0.021731593,0.6507008,0.74722594,0.13330248,2.3710973,-0.79451,6.5656734
"<1783681745384>" ,-0.02673004,0.6499775,0.7476701,0.13343209,2.367117,-0.7971349,6.5674973
"<1783681745416>" ,-0.033591587,0.64819175,0.7489322,0.13349031,2.3631892,-0.79990137,6.5693755
"<1783681745451>" ,-0.04212417,0.64664006,0.75057876,0.12928168,2.3599513,-0.80236727,6.571027
"<1783681745485>" ,-0.04769595,0.64296484,0.7541235,0.12497583,2.3575559,-0.8038447,6.5712624
"<1783681745517>" ,-0.04819036,0.6369721,0.75930005,0.124127574,2.355961,-0.8074127,6.5720735
"<1783681745551>" ,-0.04792122,0.6334112,0.76246715,0.123034865,2.3552015,-0.8104863,6.5724893
"<1783681745587>" ,-0.05187413,0.63263845,0.76339436,0.119610615,2.3585691,-0.80964214,6.5690923
"<1783681745618>" ,-0.058123738,0.6329184,0.7631829,0.11656632,2.3581953,-0.8106984,6.568789
"<1783681745651>" ,-0.06275122,0.633034,0.762931,0.11518018,2.3576767,-0.81205094,6.568793
"<1783681745687>" ,-0.064140275,0.6328513,0.76279515,0.1163132,2.359285,-0.8124068,6.5674467
"<1783681745717>" ,-0.065349385,0.63350385,0.76162046,0.11973533,2.3592296,-0.81367815,6.5673213
"<1783681745751>" ,-0.070198044,0.6347752,0.75985247,0.121478006,2.358359,-0.8148752,6.5675707
"<1783681745785>" ,-0.07628171,0.63522804,0.75883603,0.1217961,2.3588717,-0.8148768,6.5667124
"<1783681745818>" ,-0.07973709,0.63532364,0.7583222,0.12228338,2.3581488,-0.81644213,6.5668054
"<1783681745851>" ,-0.08079945,0.6345969,0.7586663,0.123221934,2.3577192,-0.81815374,6.5669603
"<1783681745884>" ,-0.082065515,0.633813,0.7594415,0.121634215,2.3587155,-0.818537,6.5665107
"<1783681745919>" ,-0.084794745,0.63424444,0.75908893,0.11969862,2.3585591,-0.8189489,6.566462
"<1783681745951>" ,-0.08750049,0.63542885,0.75790644,0.118960105,2.3583765,-0.8188286,6.5664387
"<1783681745986>" ,-0.08805134,0.6364117,0.756893,0.11975014,2.3595238,-0.81732005,6.5658917
"<1783681746019>" ,-0.08805194,0.6370305,0.7563461,0.119914256,2.3600614,-0.81704515,6.5657334
"<1783681746052>" ,-0.08810436,0.6371589,0.7562302,0.11992488,2.3606763,-0.81728137,6.5657725
"<1783681746088>" ,-0.088178314,0.63598365,0.7573956,0.11874827,2.362596,-0.81651944,6.5656376
"<1783681746119>" ,-0.08760039,0.6347378,0.75865585,0.11779386,2.363389,-0.81748116,6.565782
"<1783681746153>" ,-0.087166205,0.6340927,0.7592973,0.11745628,2.3638165,-0.8188613,6.565822
"<1783681746186>" ,-0.08933214,0.63260525,0.760441,0.11644653,2.3638566,-0.8200362,6.5656967
"<1783681746219>" ,-0.09285001,0.6308381,0.76157117,0.11589445,2.3632214,-0.8220159,6.565735
"<1783681746253>" ,-0.09596916,0.6300801,0.7617609,0.116229095,2.3627687,-0.82372504,6.5656533
"<1783681746286>" ,-0.10152672,0.6306483,0.7613805,0.11079186,2.3625915,-0.8249719,6.565542
"<1783681746319>" ,-0.10450415,0.62871623,0.7628138,0.10913244,2.3625062,-0.8268177,6.5656934
"<1783681746352>" ,-0.10119902,0.62807554,0.76365024,0.11008275,2.3633642,-0.82826746,6.565644
"<1783681746387>" ,-0.09736249,0.6280853,0.7642109,0.10959469,2.3646133,-0.82878554,6.565638
"<1783681746420>" ,-0.09584384,0.62771434,0.7647478,0.10931371,2.3653011,-0.82879424,6.565859
"<1783681746452>" ,-0.094950326,0.6287365,0.7638818,0.11026931,2.3657238,-0.8274721,6.5658455
"<1783681746487>" ,-0.095532894,0.6297512,0.76295483,0.11039376,2.3656852,-0.82654375,6.565626
"<1783681746519>" ,-0.09640283,0.6295714,0.7629055,0.11100204,2.365328,-0.826234,6.5652227
"<1783681746554>" ,-0.097656175,0.628995,0.76318514,0.11125224,2.364921,-0.82615525,6.564783
"<1783681746586>" ,-0.099027716,0.6298325,0.76218754,0.112136565,2.3647726,-0.8255851,6.5647573
"<1783681746620>" ,-0.09986045,0.63041556,0.7614337,0.11323794,2.3646934,-0.82534033,6.564737
"<1783681746653>" ,-0.100056544,0.6308178,0.76128,0.11184962,2.3649974,-0.82518715,6.5648284
"<1783681746687>" ,-0.09791425,0.63124007,0.7609531,0.113573834,2.3655167,-0.8249167,6.565167
"<1783681746721>" ,-0.09614252,0.63108647,0.7611011,0.11494121,2.365767,-0.8252267,6.5653496
"<1783681746753>" ,-0.09643044,0.63176614,0.7604684,0.11515381,2.365708,-0.82551914,6.565285
"<1783681746788>" ,-0.09811659,0.63243,0.7595258,0.11630121,2.3653972,-0.8256223,6.5651
"<1783681746820>" ,-0.10031135,0.63303787,0.7587661,0.11608068,2.3649342,-0.82600546,6.5647764
"<1783681746854>" ,-0.102513805,0.6333478,0.75830406,0.1154834,2.3645334,-0.8261883,6.5646706
"<1783681746888>" ,-0.10053412,0.6350141,0.7564295,0.12026751,2.3644302,-0.8258562,6.5645375
"<1783681746921>" ,-0.10260895,0.6362359,0.7553414,0.11888912,2.3643663,-0.8248672,6.5646324
"<1783681746954>" ,-0.102863654,0.6362503,0.7550964,0.120141864,2.3643253,-0.8241243,6.565159
"<1783681746987>" ,-0.09822835,0.63683015,0.75479025,0.12284216,2.3653717,-0.82282263,6.566
"<1783681747021>" ,-0.0978358,0.6352326,0.75685155,0.118672825,2.3661418,-0.822143,6.566558
"<1783681747055>" ,-0.09713766,0.6345684,0.75751084,0.11859374,2.3666701,-0.8214321,6.5671096
"<1783681747088>" ,-0.09421171,0.6344207,0.75765306,0.12081575,2.367351,-0.8209381,6.567328
"<1783681747121>" ,-0.0938033,0.6335511,0.75861734,0.11963909,2.3678486,-0.8203236,6.5676603
"<1783681747155>" ,-0.09392093,0.6350487,0.7573221,0.11981347,2.3682559,-0.8187357,6.568168
"<1783681747188>" ,-0.09318257,0.63591594,0.7563982,0.12161252,2.3685973,-0.81698525,6.568796
"<1783681747221>" ,-0.094595395,0.635213,0.75733685,0.11830901,2.3689606,-0.8149634,6.5696096
"<1783681747255>" ,-0.09161597,0.63609517,0.7566906,0.12003688,2.3696694,-0.8121271,6.570412
"<1783681747288>" ,-0.087441444,0.6371919,0.75590086,0.12228807,2.3705368,-0.80872583,6.5709014
"<1783681747321>" ,-0.08666754,0.63638085,0.7568048,0.12146873,2.3710093,-0.8052333,6.5712423
"<1783681747355>" ,-0.08529231,0.63615364,0.7570259,0.122252524,2.3713017,-0.80142164,6.5710998
"<1783681747388>" ,-0.08279538,0.636639,0.75665355,0.12373843,2.371905,-0.79684633,6.570531
"<1783681747423>" ,-0.08322368,0.6362237,0.75720465,0.122205995,2.3724515,-0.7918106,6.569656
"<1783681747455>" ,-0.08439354,0.63473344,0.7582741,0.12252147,2.3728843,-0.78680176,6.568592
"<1783681747491>" ,-0.08271156,0.63379973,0.7590441,0.123728275,2.374112,-0.78169507,6.5671535
"<1783681747521>" ,-0.07915644,0.6332703,0.75989026,0.1235709,2.3763149,-0.77566814,6.5657525
"<1783681747556>" ,-0.07495519,0.63453346,0.7591379,0.12433219,2.3790226,-0.7688809,6.5644245
"<1783681747589>" ,-0.07078467,0.6350808,0.7588928,0.12547424,2.3819458,-0.7618519,6.5633106
"<1783681747623>" ,-0.069673605,0.63445807,0.7598667,0.1233335,2.3845854,-0.7551198,6.562151
"<1783681747656>" ,-0.06692573,0.6352948,0.7590597,0.12549856,2.3870912,-0.748452,6.561105
"<1783681747690>" ,-0.063311,0.63525313,0.75885826,0.12876055,2.3895,-0.7423116,6.5598817
"<1783681747723>" ,-0.06306959,0.6356588,0.75838906,0.12963848,2.3914895,-0.7361868,6.558456
"<1783681747757>" ,-0.06472077,0.63720125,0.7563142,0.13332161,2.3927088,-0.73019564,6.5572586
"<1783681747790>" ,-0.06350492,0.6390707,0.7531613,0.14249098,2.3936634,-0.72465634,6.555606
"<1783681747823>" ,-0.0651281,0.64220524,0.7482859,0.1529669,2.3937113,-0.7188895,6.553572
"<1783681747858>" ,-0.0737456,0.6502132,0.7381338,0.1641427,2.3923442,-0.71188945,6.551033
"<1783681747890>" ,-0.0841796,0.6582601,0.7267042,0.1775062,2.3901684,-0.70498747,6.5486913
"<1783681747923>" ,-0.090090655,0.6667108,0.714309,0.19272551,2.388873,-0.69822633,6.545886
"<1783681747957>" ,-0.093815275,0.67645806,0.70077395,0.20620176,2.3886378,-0.69102645,6.54315
"<1783681747991>" ,-0.09710361,0.68482614,0.6877795,0.2203255,2.3888128,-0.6844719,6.5406976
"<1783681748024>" ,-0.09934716,0.693769,0.6731204,0.23605858,2.389656,-0.67792255,6.538312
"<1783681748057>" ,-0.10252584,0.7034682,0.65660477,0.25197437,2.3913398,-0.6707827,6.5360813
"<1783681748092>" ,-0.10982761,0.71408623,0.63951844,0.26274475,2.393103,-0.66386086,6.5334444
"<1783681748124>" ,-0.11959507,0.72266537,0.62481046,0.27030295,2.3945813,-0.6581468,6.530852
"<1783681748157>" ,-0.12675504,0.7255956,0.6137266,0.2842251,2.3957148,-0.6547125,6.528651
"<1783681748192>" ,-0.13355644,0.72759575,0.6058253,0.2928187,2.397471,-0.6525946,6.526605
"<1783681748225>" ,-0.1396121,0.730954,0.5959154,0.30182692,2.399888,-0.65082455,6.5239644
"<1783681748258>" ,-0.14466618,0.7316728,0.58448404,0.31953862,2.40206,-0.6496852,6.521
"<1783681748292>" ,-0.15093137,0.7297361,0.5751397,0.3375195,2.4028375,-0.648784,6.5209193
"<1783681748325>" ,-0.15679568,0.7240089,0.5669357,0.36029175,2.404298,-0.6492487,6.5185575
"<1783681748359>" ,-0.16093543,0.7182545,0.5570619,0.38456753,2.4066942,-0.6497123,6.5159426
"<1783681748392>" ,-0.16661686,0.71189123,0.54831403,0.40595746,2.4104607,-0.64966846,6.5145273
"<1783681748425>" ,-0.17240779,0.7050075,0.5406938,0.42531198,2.4133546,-0.65062165,6.512733
"<1783681748459>" ,-0.17605701,0.6972075,0.53115857,0.4480806,2.4164593,-0.65147567,6.510971
"<1783681748493>" ,-0.17943549,0.69196033,0.5196508,0.4679283,2.420118,-0.65175897,6.510002
"<1783681748526>" ,-0.1825295,0.68322444,0.5070563,0.49272838,2.4230683,-0.651362,6.507953
"<1783681748559>" ,-0.18958883,0.6722403,0.49181348,0.5198735,2.4249907,-0.65007156,6.5049057
"<1783681748592>" ,-0.20026486,0.666162,0.47337562,0.5404051,2.4256103,-0.6482444,6.5022593
"<1783681748625>" ,-0.21236123,0.65408593,0.4579728,0.5633251,2.4263368,-0.6466328,6.4983306
"<1783681748660>" ,-0.22365738,0.639827,0.44249964,0.5871907,2.4265518,-0.6453204,6.4948006
"<1783681748695>" ,-0.23109967,0.63174415,0.41995406,0.60920525,2.4296148,-0.642861,6.4902687
"<1783681748726>" ,-0.23764065,0.6184687,0.39731443,0.63495237,2.433219,-0.6407316,6.48547
"<1783681748759>" ,-0.24322417,0.60495,0.37664658,0.6580387,2.4371765,-0.6391764,6.4812303
"<1783681748793>" ,-0.24756426,0.5935352,0.3599238,0.67593104,2.4403296,-0.63886225,6.478777
"<1783681748826>" ,-0.2497711,0.57790947,0.34821358,0.6945374,2.4435818,-0.6395016,6.476286
"<1783681748859>" ,-0.25277773,0.5625405,0.33904195,0.71042395,2.4448748,-0.64014053,6.4746237
"<1783681748894>" ,-0.25680918,0.5516358,0.32991338,0.7217369,2.447473,-0.6411816,6.472295
"<1783681748928>" ,-0.26020002,0.5368306,0.32337075,0.73453397,2.4495242,-0.64284766,6.4697313
"<1783681748960>" ,-0.26431632,0.5245562,0.31768382,0.74434847,2.4502823,-0.64352125,6.4661965
"<1783681748993>" ,-0.27020162,0.5196876,0.3100711,0.74884695,2.452434,-0.6444203,6.4624004
"<1783681749027>" ,-0.27688563,0.5134596,0.3042543,0.7530756,2.454341,-0.6457795,6.4580946
"<1783681749061>" ,-0.28459665,0.5065815,0.3029049,0.7553995,2.4557009,-0.6478625,6.4533477
"<1783681749094>" ,-0.29037,0.50375146,0.29930285,0.7565299,2.4589558,-0.6481791,6.4469986
"<1783681749128>" ,-0.29663044,0.498739,0.2983049,0.75781524,2.4616203,-0.64999807,6.44103
"<1783681749161>" ,-0.30084994,0.49228537,0.29965186,0.75983757,2.464355,-0.65230465,6.434993
"<1783681749194>" ,-0.30377117,0.48611552,0.30191818,0.7617481,2.4669554,-0.6542642,6.428227
"<1783681749228>" ,-0.30902505,0.48219034,0.30345446,0.76151913,2.4699314,-0.65663916,6.4210653
"<1783681749261>" ,-0.31447265,0.47651482,0.30363652,0.76278794,2.4718294,-0.65927655,6.4135566
"<1783681749295>" ,-0.31782597,0.4709896,0.30413377,0.76462936,2.4747076,-0.661963,6.4062963
"<1783681749328>" ,-0.31851226,0.4665267,0.30599064,0.7663371,2.4781096,-0.66470206,6.399584
"<1783681749360>" ,-0.318669,0.46314764,0.30950758,0.76690894,2.4790583,-0.668048,6.393342
"<1783681749395>" ,-0.3182452,0.4615588,0.3116471,0.76717633,2.4819598,-0.67096525,6.387317
"<1783681749427>" ,-0.31864345,0.45744386,0.31454244,0.7682932,2.4845717,-0.6739972,6.381355
"<1783681749462>" ,-0.31885228,0.45673728,0.3162592,0.7679221,2.4873242,-0.67651695,6.3758316
"<1783681749494>" ,-0.31912628,0.45725074,0.31811893,0.76673365,2.4898863,-0.67887807,6.3706384
"<1783681749527>" ,-0.3195486,0.45304245,0.32116768,0.7677842,2.4918318,-0.6815824,6.3654284
"<1783681749561>" ,-0.31785476,0.45253143,0.32224762,0.76833594,2.494455,-0.6835888,6.3607445
"<1783681749595>" ,-0.31539926,0.45476177,0.32163396,0.7682881,2.494668,-0.68563455,6.357338
"<1783681749629>" ,-0.3139154,0.452213,0.3233027,0.7696986,2.4963856,-0.6879687,6.3530636
"<1783681749663>" ,-0.3120071,0.45060757,0.32533115,0.7705608,2.4957945,-0.69056123,6.3480477
"<1783681749696>" ,-0.31120083,0.4519674,0.32475343,0.7703341,2.4974656,-0.69277066,6.3433747
"<1783681749730>" ,-0.31425092,0.4493805,0.3261355,0.7700254,2.4982102,-0.69556063,6.3381205
"<1783681749763>" ,-0.31782958,0.4484838,0.32598868,0.769141,2.4981773,-0.6977485,6.3323107
"<1783681749797>" ,-0.3207741,0.4478273,0.32459775,0.7688894,2.4989686,-0.6998837,6.326805
"<1783681749830>" ,-0.32258192,0.4452278,0.32386464,0.7699511,2.50015,-0.70218956,6.321778
"<1783681749863>" ,-0.32226908,0.44488844,0.3218471,0.77112335,2.5019004,-0.70408523,6.317357
"<1783681749896>" ,-0.32224753,0.442079,0.3222894,0.7725621,2.5027819,-0.70640504,6.31314
"<1783681749928>" ,-0.32376444,0.439096,0.3238225,0.7729879,2.5033605,-0.70937324,6.309189
"<1783681749962>" ,-0.32808974,0.43859878,0.32459158,0.7711216,2.5040627,-0.71238494,6.3049803
"<1783681749995>" ,-0.3320588,0.44010136,0.32432246,0.768676,2.504829,-0.7148921,6.3014445
"<1783681750030>" ,-0.33372322,0.4360486,0.3264034,0.7693836,2.505065,-0.71765083,6.2983823
"<1783681750062>" ,-0.33433098,0.43457332,0.32787675,0.769328,2.505432,-0.7200818,6.2957716
"<1783681750096>" ,-0.33658627,0.43556687,0.32773942,0.76783985,2.505668,-0.7219987,6.2933507
"<1783681750129>" ,-0.34013525,0.43448335,0.33009127,0.76587987,2.5049033,-0.724261,6.2911325
"<1783681750163>" ,-0.34191254,0.43366662,0.3330816,0.764255,2.504005,-0.7265203,6.289387
"<1783681750197>" ,-0.34265554,0.43502155,0.33472297,0.7624329,2.503526,-0.7285834,6.2871995
"<1783681750230>" ,-0.34623185,0.43467367,0.33771074,0.75969315,2.501934,-0.7307392,6.28508
"<1783681750263>" ,-0.35089856,0.43268088,0.3415776,0.75695586,2.4998205,-0.7329873,6.2824373
"<1783681750297>" ,-0.35645327,0.43458647,0.34381843,0.7522397,2.4974585,-0.73464936,6.2799735
"<1783681750330>" ,-0.36442003,0.4344953,0.34685886,0.7470615,2.4940987,-0.7365228,6.277022
"<1783681750364>" ,-0.37653208,0.4283816,0.35455498,0.74094766,2.4888878,-0.7396194,6.273348
"<1783681750397>" ,-0.39031726,0.42604408,0.35962886,0.7326704,2.483825,-0.7425372,6.2688227
"<1783681750430>" ,-0.4036753,0.42692065,0.36180782,0.72379565,2.4789896,-0.74501073,6.264512
"<1783681750464>" ,-0.4163427,0.42240155,0.3675367,0.71634656,2.4735057,-0.7486116,6.2596536
"<1783681750498>" ,-0.4263848,0.41849154,0.37376854,0.70947725,2.468018,-0.7522146,6.2556343
"<1783681750530>" ,-0.43590295,0.41661268,0.3813177,0.70072764,2.4625363,-0.75597435,6.25228
"<1783681750564>" ,-0.44242465,0.41499618,0.38926947,0.6931867,2.4573362,-0.7597452,6.249722
"<1783681750598>" ,-0.4479526,0.41142195,0.39882508,0.6863009,2.4521263,-0.76358825,6.247824
"<1783681750632>" ,-0.4525311,0.409459,0.4068586,0.6797242,2.4474018,-0.76689726,6.246441
"<1783681750664>" ,-0.45634633,0.40655887,0.41323248,0.6750532,2.443286,-0.7696567,6.2454524
"<1783681750698>" ,-0.46205127,0.4033588,0.4198951,0.6689531,2.4389496,-0.7726731,6.2441983
"<1783681750731>" ,-0.4685176,0.40118447,0.42342913,0.6635134,2.4349039,-0.77519536,6.2426944
"<1783681750765>" ,-0.4770009,0.39176264,0.42857096,0.6597871,2.4304216,-0.77858406,6.2400923
"<1783681750798>" ,-0.48642778,0.3814487,0.4315032,0.65703106,2.4264486,-0.78181875,6.2371774
"<1783681750832>" ,-0.4959671,0.38416275,0.42708704,0.6511776,2.4235938,-0.7829454,6.234526
"<1783681750864>" ,-0.5044821,0.3840425,0.42385882,0.6468021,2.4209766,-0.7842328,6.2319007
"<1783681750898>" ,-0.5128206,0.38034776,0.4272017,0.6401948,2.4175315,-0.7873875,6.2298937
"<1783681750932>" ,-0.5189905,0.37971336,0.43099332,0.63301766,2.41436,-0.7906608,6.228685
"<1783681750965>" ,-0.5240056,0.3788235,0.43528414,0.62644917,2.4121559,-0.7932816,6.2284617
"<1783681750999>" ,-0.52899927,0.376026,0.44130623,0.61968786,2.4093814,-0.7966328,6.2280006
"<1783681751032>" ,-0.5330236,0.37453064,0.4442487,0.6150251,2.407015,-0.79897565,6.227491
"<1783681751065>" ,-0.5374484,0.37637448,0.44500294,0.60947824,2.4054701,-0.8000808,6.227271
"<1783681751099>" ,-0.5420625,0.3763343,0.4472544,0.6037418,2.403315,-0.8018342,6.2267694
"<1783681751132>" ,-0.54563224,0.37377813,0.45082694,0.59944165,2.4011257,-0.80402094,6.226241
"<1783681751166>" ,-0.54904777,0.3723156,0.45511603,0.5939672,2.3991268,-0.80630875,6.2259836
"<1783681751199>" ,-0.55186546,0.37216786,0.45793977,0.58925945,2.3971741,-0.8084584,6.225741
"<1783681751233>" ,-0.55467534,0.37193924,0.4605174,0.5847394,2.3953557,-0.810579,6.2254868
"<1783681751265>" ,-0.55795455,0.37009725,0.4635474,0.58037794,2.393879,-0.8129938,6.2252307
"<1783681751300>" ,-0.5630527,0.36835822,0.4650712,0.57531965,2.3923428,-0.81555265,6.224563
"<1783681751332>" ,-0.5693501,0.36981127,0.46448842,0.5686217,2.3909924,-0.8177931,6.223962
"<1783681751366>" ,-0.5739984,0.3708665,0.46332756,0.5641909,2.390256,-0.8197576,6.223848
"<1783681751400>" ,-0.5760653,0.36925912,0.46440038,0.5622532,2.3895855,-0.8217243,6.2238216
"<1783681751434>" ,-0.5755351,0.36923307,0.46563494,0.56179196,2.3890243,-0.8231982,6.2240605
"<1783681751466>" ,-0.57382876,0.3703164,0.46573845,0.562738,2.388746,-0.82412416,6.224415
"<1783681751500>" ,-0.57275474,0.36986265,0.46678624,0.5632621,2.3882685,-0.82535833,6.2245045
"<1783681751533>" ,-0.5736782,0.36952868,0.4665893,0.56270444,2.3876884,-0.82673126,6.224301
"<1783681751567>" ,-0.5766216,0.37011445,0.4646483,0.56091434,2.3870468,-0.8280928,6.223752
"<1783681751600>" ,-0.5796114,0.36869285,0.4643682,0.5589975,2.3862603,-0.8297573,6.223133
"<1783681751633>" ,-0.5799417,0.36805317,0.4647694,0.55874306,2.3855288,-0.83075404,6.2226815
"<1783681751667>" ,-0.5799875,0.3673595,0.46437728,0.55947745,2.384513,-0.83172184,6.222612
"<1783681751701>" ,-0.5812241,0.36664745,0.46440017,0.5586418,2.3837774,-0.8321956,6.222364
"<1783681751734>" ,-0.58121294,0.3660723,0.4657157,0.557935,2.3831167,-0.83268857,6.2223845
"<1783681751767>" ,-0.58156407,0.36576936,0.46755207,0.5562294,2.382565,-0.8333702,6.2225738
"<1783681751799>" ,-0.58202386,0.36561432,0.4689885,0.55463874,2.38211,-0.83370787,6.2228694
"<1783681751835>" ,-0.5808717,0.36661747,0.4683837,0.55569464,2.3818107,-0.8328804,6.222909
"<1783681751867>" ,-0.57883984,0.36678633,0.46889582,0.5572691,2.3815773,-0.8320279,6.223119
"<1783681751902>" ,-0.57528085,0.3661555,0.4726695,0.5581807,2.3814805,-0.83115727,6.2239428
"<1783681751934>" ,-0.57206964,0.36541018,0.47385964,0.56095344,2.3814545,-0.8299626,6.224206
"<1783681751969>" ,-0.57008064,0.36631402,0.47320914,0.5629344,2.3814669,-0.8284652,6.224258
"<1783681752001>" ,-0.57049894,0.36699894,0.4719729,0.5631024,2.381347,-0.82759106,6.2239943
"<1783681752035>" ,-0.5724352,0.3677246,0.47044525,0.5619411,2.3811414,-0.8274701,6.223504
"<1783681752068>" ,-0.5748077,0.36777115,0.4692363,0.5604978,2.3808656,-0.8279568,6.222962
"<1783681752101>" ,-0.57686186,0.36817297,0.4678716,0.5592631,2.3807337,-0.82846713,6.2224803
"<1783681752135>" ,-0.57810026,0.36747128,0.46769357,0.55859447,2.3807175,-0.82905567,6.2222376
"<1783681752168>" ,-0.5778265,0.36763844,0.46766278,0.5587934,2.3806355,-0.82894933,6.2224627
"<1783681752202>" ,-0.57761586,0.36996,0.46724275,0.5578294,2.380764,-0.8283709,6.2230515
"<1783681752235>" ,-0.57723576,0.37047526,0.4678947,0.5573342,2.380782,-0.82786906,6.2237334
"<1783681752269>" ,-0.5756368,0.3710969,0.46865663,0.5579339,2.3811083,-0.8267,6.224514
"<1783681752302>" ,-0.57511806,0.3713331,0.4706466,0.55663514,2.3810802,-0.82604945,6.2253428
"<1783681752336>" ,-0.5750257,0.37054512,0.47336602,0.55494714,2.3808756,-0.8258025,6.226117
"<1783681752369>" ,-0.5753412,0.3696398,0.47508153,0.5537565,2.38099,-0.8250681,6.2266445
"<1783681752402>" ,-0.5755145,0.3696961,0.47499338,0.5536146,2.3808773,-0.82357574,6.2268577
"<1783681752436>" ,-0.5741077,0.3702608,0.47320083,0.55622685,2.380974,-0.8209437,6.22691
"<1783681752469>" ,-0.5721699,0.36945322,0.47215444,0.5596394,2.3812125,-0.8177844,6.2269726
"<1783681752503>" ,-0.5702723,0.36871102,0.4711992,0.5628614,2.3813856,-0.814379,6.2270193
"<1783681752536>" ,-0.5684226,0.36837125,0.46899945,0.5667786,2.3816917,-0.8105857,6.2270107
"<1783681752569>" ,-0.56764317,0.36875954,0.46652284,0.5693452,2.3820872,-0.8064764,6.226862
"<1783681752603>" ,-0.5675522,0.36728376,0.46581653,0.57096595,2.3825543,-0.8032075,6.2270045
"<1783681752636>" ,-0.5662012,0.3668614,0.46428198,0.57382154,2.3835127,-0.79960227,6.2273846
"<1783681752669>" ,-0.5635857,0.367869,0.461331,0.5781153,2.3849766,-0.7952075,6.2279797
"<1783681752703>" ,-0.56069237,0.36814353,0.45858335,0.58291996,2.3867433,-0.79060763,6.228614
"<1783681752737>" ,-0.5584312,0.36979404,0.4541979,0.5874616,2.388843,-0.785571,6.22924
"<1783681752769>" ,-0.5574867,0.37395188,0.44758642,0.59079176,2.3912199,-0.77989024,6.229705
"<1783681752803>" ,-0.5578942,0.3768566,0.44225547,0.5925734,2.3934987,-0.77486604,6.2304196
"<1783681752836>" ,-0.5579805,0.37937382,0.43826735,0.59384763,2.3958566,-0.76998127,6.231516
"<1783681752870>" ,-0.5566966,0.3828038,0.43377075,0.5961486,2.3984919,-0.76426685,6.232999
"<1783681752903>" ,-0.5533859,0.38532344,0.42885506,0.6011434,2.4014585,-0.7578692,6.2345533
"<1783681752937>" ,-0.54844856,0.38690686,0.42377326,0.60821325,2.4047291,-0.7508095,6.236108
"<1783681752970>" ,-0.54306954,0.390496,0.41762787,0.61495954,2.4081378,-0.7428354,6.2378926
"<1783681753003>" ,-0.53892833,0.39301834,0.41157237,0.6210483,2.4117732,-0.73519194,6.239613
"<1783681753037>" ,-0.534441,0.3979082,0.4023224,0.6278364,2.415977,-0.7267309,6.2413406
"<1783681753071>" ,-0.5295738,0.40455076,0.3915436,0.63449496,2.4207716,-0.7181384,6.243449
"<1783681753104>" ,-0.5235662,0.40953848,0.38294026,0.64149314,2.4258265,-0.7103029,6.2461414
"<1783681753138>" ,-0.5157621,0.41419387,0.37474188,0.6496165,2.431319,-0.70268565,6.2493396
"<1783681753171>" ,-0.50543016,0.4204996,0.36498883,0.65916884,2.4371395,-0.6948087,6.2531705
"<1783681753203>" ,-0.49507213,0.42591083,0.35731417,0.66770506,2.4434967,-0.6876911,6.2575774
"<1783681753237>" ,-0.4844868,0.4302398,0.3513766,0.6757965,2.449857,-0.68145466,6.262436
"<1783681753272>" ,-0.4730302,0.43612432,0.3454878,0.683137,2.4561784,-0.67551255,6.2676096
"<1783681753304>" ,-0.46205077,0.4382831,0.34042427,0.6917574,2.4629195,-0.6704575,6.2728524
"<1783681753338>" ,-0.4515969,0.43928763,0.33522388,0.700508,2.4692767,-0.6659751,6.2779813
"<1783681753372>" ,-0.44168633,0.44409359,0.32789293,0.7072343,2.4761121,-0.66120523,6.2833414
"<1783681753405>" ,-0.4328019,0.44904983,0.3202894,0.71305776,2.4833248,-0.65652305,6.2887335
"<1783681753439>" ,-0.42364845,0.44876063,0.3146207,0.721214,2.4899793,-0.6525318,6.2937903
"<1783681753472>" ,-0.41287848,0.45095512,0.30836588,0.72875327,2.4973438,-0.6485834,6.299282
"<1783681753506>" ,-0.40269744,0.45439678,0.3017923,0.7350372,2.5052505,-0.64515585,6.3049884
"<1783681753538>" ,-0.39480215,0.45236334,0.2967448,0.74259084,2.5127363,-0.6431263,6.3102694
"<1783681753573>" ,-0.38735992,0.45056057,0.29122177,0.74975806,2.5204647,-0.64210427,6.3155727
"<1783681753606>" ,-0.3817015,0.45094988,0.28641477,0.75426435,2.5283,-0.64221656,6.320925
"<1783681753639>" ,-0.37634224,0.45063424,0.28097644,0.75917554,2.5360177,-0.6432838,6.3261704
"<1783681753673>" ,-0.3682404,0.45407197,0.27370632,0.7637424,2.5446444,-0.6444715,6.331954
"<1783681753707>" ,-0.36179394,0.45254937,0.2688225,0.76944053,2.5527134,-0.6466043,6.337565
"<1783681753739>" ,-0.3570244,0.4500384,0.26118207,0.77574664,2.5604622,-0.64907086,6.343128
"<1783681753773>" ,-0.35053855,0.45771113,0.24921641,0.77814806,2.5694265,-0.65053445,6.3494015
"<1783681753806>" ,-0.34409535,0.4576665,0.24238378,0.78319204,2.577002,-0.65323335,6.35588
"<1783681753841>" ,-0.33901757,0.4516309,0.23976868,0.7896883,2.58251,-0.65689147,6.3623767
"<1783681753873>" ,-0.33261374,0.45418987,0.23717931,0.79172325,2.5884006,-0.66047823,6.3695116
"<1783681753907>" ,-0.32641822,0.45527434,0.2381442,0.7933875,2.5934627,-0.6648325,6.376665
"<1783681753940>" ,-0.31922045,0.45095867,0.24222311,0.79753524,2.597401,-0.67007124,6.383584
"<1783681753973>" ,-0.31404313,0.44666326,0.24698217,0.8005427,2.6009133,-0.67522484,6.390042
"<1783681754007>" ,-0.3108225,0.4477364,0.24743581,0.80105996,2.6051438,-0.67939824,6.3960156
"<1783681754040>" ,-0.30716392,0.45128384,0.24532762,0.8011289,2.6095753,-0.6830923,6.4019814
"<1783681754073>" ,-0.30455714,0.4495969,0.24524696,0.8030949,2.613177,-0.68721485,6.407708
"<1783681754109>" ,-0.30456004,0.44455686,0.2464558,0.8055259,2.6156461,-0.6911471,6.412905
"<1783681754141>" ,-0.30299166,0.4473866,0.2455102,0.80483913,2.6181958,-0.6941466,6.4183383
"<1783681754174>" ,-0.3019823,0.44996196,0.24606498,0.8036125,2.6197112,-0.6970661,6.4231257
"<1783681754208>" ,-0.30065742,0.45161378,0.24804214,0.8025741,2.6201892,-0.69958806,6.4271545
"<1783681754241>" ,-0.2993756,0.45558414,0.24889597,0.8005425,2.6198668,-0.7009922,6.430438
"<1783681754274>" ,-0.2983891,0.458571,0.24903755,0.7991601,2.619502,-0.70189846,6.432761
"<1783681754308>" ,-0.29889128,0.46051738,0.24734895,0.7983773,2.619232,-0.7022434,6.434077
"<1783681754342>" ,-0.30238962,0.46270972,0.24479757,0.7965767,2.6187694,-0.70164955,6.434565
"<1783681754375>" ,-0.30500174,0.46447563,0.24118449,0.79565465,2.618795,-0.7010346,6.4349127
"<1783681754408>" ,-0.30653536,0.46456128,0.23907423,0.79565215,2.6189716,-0.70077264,6.435407
"<1783681754442>" ,-0.30736488,0.4633764,0.23894139,0.7960629,2.618998,-0.7007242,6.4359937
"<1783681754474>" ,-0.30742764,0.46132377,0.23931305,0.7971185,2.6186993,-0.70087075,6.4362664
"<1783681754508>" ,-0.30666915,0.46033928,0.23886189,0.7981145,2.6190195,-0.70106274,6.4366264
"<1783681754542>" ,-0.3068403,0.46059012,0.23875251,0.79793674,2.6191447,-0.70126116,6.4367204
"<1783681754575>" ,-0.30934143,0.46014047,0.23916948,0.79710513,2.6185646,-0.7018542,6.4363885
"<1783681754608>" ,-0.3125976,0.45861167,0.23981348,0.7965222,2.6179771,-0.70261157,6.4359837
"<1783681754645>" ,-0.31513208,0.45833609,0.24020852,0.7955625,2.6176157,-0.7033696,6.4357467
"<1783681754675>" ,-0.316915,0.4587074,0.240185,0.79464686,2.6174188,-0.7039928,6.435653
"<1783681754709>" ,-0.31789985,0.45867282,0.2406133,0.79414374,2.6173794,-0.7045364,6.435467
"<1783681754742>" ,-0.31853196,0.45842132,0.24150293,0.7937654,2.6170537,-0.7051656,6.4356394
"<1783681754777>" ,-0.31866652,0.45937663,0.24176043,0.7930805,2.6165702,-0.70624936,6.435345
"<1783681754808>" ,-0.31960827,0.4591993,0.24266592,0.7925275,2.6161163,-0.70691013,6.43545
"<1783681754843>" ,-0.32061157,0.45807105,0.24441004,0.7922391,2.6154742,-0.70752484,6.4356675
"<1783681754875>" ,-0.32081997,0.45903406,0.245809,0.7911638,2.615067,-0.7078199,6.436048
"<1783681754909>" ,-0.3211781,0.4604609,0.24713823,0.78977406,2.6147182,-0.70816463,6.43644
"<1783681754943>" ,-0.3222135,0.46065444,0.2488989,0.7886858,2.6140835,-0.70843774,6.436624
"<1783681754976>" ,-0.32309812,0.4603261,0.25128496,0.7877584,2.613335,-0.70859176,6.436644
"<1783681755010>" ,-0.32298705,0.46017575,0.25287962,0.7873815,2.612755,-0.708568,6.4367886
"<1783681755043>" ,-0.32318354,0.46023738,0.25413388,0.78686076,2.6121714,-0.70837533,6.436931
"<1783681755076>" ,-0.32415292,0.45961884,0.25584984,0.78626734,2.611369,-0.7081769,6.437016
"<1783681755109>" ,-0.32514837,0.4589219,0.25807497,0.7855359,2.6104567,-0.7082207,6.437076
"<1783681755143>" ,-0.32596803,0.45846236,0.2603897,0.7847001,2.6095588,-0.70829195,6.437107
"<1783681755177>" ,-0.32712308,0.4579849,0.26235077,0.7838446,2.6088724,-0.708078,6.4371095
"<1783681755211>" ,-0.3290096,0.4568518,0.26386443,0.7832079,2.6080909,-0.70814544,6.436827
"<1783681755244>" ,-0.33159894,0.45546418,0.2640301,0.78286815,2.607358,-0.7080908,6.4362173
"<1783681755279>" ,-0.33300403,0.4555331,0.2627679,0.78265625,2.606836,-0.7077327,6.4355826
"<1783681755311>" ,-0.33233097,0.45533773,0.26108637,0.7836183,2.6067326,-0.7072451,6.435218
"<1783681755344>" ,-0.33163673,0.45253122,0.2610003,0.78556436,2.6063006,-0.7071003,6.434927
"<1783681755377>" ,-0.33254313,0.44963744,0.26190558,0.786541,2.6054142,-0.7072751,6.434573
"<1783681755411>" ,-0.33446413,0.44948065,0.26158398,0.7859228,2.6047938,-0.70737386,6.4343452
"<1783681755444>" ,-0.33585092,0.45000678,0.25988072,0.78559536,2.6044686,-0.7072018,6.434193
"<1783681755478>" ,-0.33595946,0.4494653,0.2582483,0.7863969,2.6042874,-0.70698357,6.4342813
"<1783681755511>" ,-0.3353925,0.4491996,0.25748104,0.78704196,2.6041358,-0.7069552,6.434841
"<1783681755544>" ,-0.33532506,0.44942942,0.25737318,0.7869748,2.6038752,-0.707037,6.4355145
"<1783681755578>" ,-0.3361292,0.44998345,0.25754496,0.78625864,2.6035476,-0.707134,6.436046
"<1783681755611>" ,-0.33656004,0.4506865,0.25743258,0.78570825,2.6033971,-0.707235,6.4367433
"<1783681755644>" ,-0.33648252,0.45034194,0.25799647,0.785754,2.6031876,-0.7072833,6.4374347
"<1783681755679>" ,-0.3355569,0.44961476,0.2587073,0.78633237,2.6029432,-0.7070132,6.438067
"<1783681755711>" ,-0.33424488,0.44928467,0.25841853,0.7871744,2.6028147,-0.70674014,6.4385695
"<1783681755746>" ,-0.33386797,0.4488315,0.25790012,0.78776264,2.6024487,-0.7066377,6.43879
"<1783681755778>" ,-0.33483362,0.44735384,0.2584944,0.78799844,2.6015663,-0.7067991,6.43871
"<1783681755813>" ,-0.33651894,0.44674218,0.25905028,0.78744483,2.6012988,-0.7068428,6.4383364
"<1783681755845>" ,-0.3370656,0.447558,0.2584999,0.78692853,2.6011336,-0.70659804,6.43819
"<1783681755880>" ,-0.3364058,0.44669774,0.25791425,0.7878911,2.6012757,-0.7062539,6.4380875
"<1783681755912>" ,-0.3359024,0.44487318,0.25754505,0.7892579,2.601433,-0.70566124,6.43808
"<1783681755945>" ,-0.33493692,0.44653186,0.25643647,0.7890924,2.6020591,-0.7047896,6.4381294
"<1783681755979>" ,-0.33330774,0.44810438,0.25590208,0.7890643,2.602981,-0.7040409,6.438368
"<1783681756012>" ,-0.3318425,0.44688767,0.25680175,0.790079,2.6034002,-0.7037472,6.4385333
"<1783681756046>" ,-0.3303779,0.44755396,0.25732046,0.7901468,2.6038206,-0.7034336,6.4386425
"<1783681756081>" ,-0.3299339,0.4490474,0.25728238,0.78949714,2.6041427,-0.7030544,6.4384804
"<1783681756112>" ,-0.3306386,0.44905695,0.25714773,0.7892408,2.604319,-0.7027271,6.437886
"<1783681756145>" ,-0.33087462,0.44876346,0.25606912,0.7896594,2.6047158,-0.7024091,6.4371924
"<1783681756180>" ,-0.33192456,0.45079017,0.2548491,0.78845817,2.6051848,-0.7022631,6.4364552
"<1783681756212>" ,-0.33400735,0.4513928,0.25462958,0.78730386,2.6052356,-0.70248896,6.4355354
"<1783681756246>" ,-0.33416033,0.44878483,0.2551867,0.7885485,2.6053588,-0.7028242,6.4349084
"<1783681756282>" ,-0.33323905,0.44764075,0.25527757,0.78955865,2.6061199,-0.70274866,6.4346333
"<1783681756313>" ,-0.33291513,0.44772688,0.25471592,0.78982776,2.6066184,-0.7025056,6.4341664
"<1783681756347>" ,-0.33311555,0.44812015,0.2539466,0.7897679,2.6070445,-0.7023642,6.4336
"<1783681756381>" ,-0.33318874,0.4472668,0.25419497,0.7901408,2.6071892,-0.70274526,6.4329114
"<1783681756414>" ,-0.33385697,0.44650358,0.2556991,0.78980505,2.6068988,-0.7033817,6.432586
"<1783681756447>" ,-0.33492237,0.44583362,0.2576149,0.7891096,2.6063366,-0.70401525,6.4323583
"<1783681756481>" ,-0.33536434,0.44525334,0.2584517,0.7889759,2.6060534,-0.70428634,6.4322305
"<1783681756517>" ,-0.3352525,0.44457215,0.25830728,0.7894547,2.6057699,-0.70444536,6.432237
"<1783681756546>" ,-0.33476683,0.44474566,0.2578414,0.78971535,2.6052687,-0.70435745,6.4324446
"<1783681756583>" ,-0.33410987,0.44592762,0.25847664,0.7891191,2.604355,-0.70436877,6.4327755
"<1783681756614>" ,-0.33337933,0.4453388,0.2613772,0.7888052,2.6029952,-0.70457345,6.4334083
"<1783681756647>" ,-0.3319518,0.44550395,0.2644044,0.78830487,2.6018744,-0.7047155,6.4343066
"<1783681756681>" ,-0.33060047,0.4467815,0.26631764,0.78750527,2.6011567,-0.7048157,6.4352202
"<1783681756713>" ,-0.330115,0.44693846,0.2668361,0.7874443,2.6006482,-0.70507133,6.435863
"<1783681756748>" ,-0.33089224,0.4479585,0.26635045,0.7867026,2.600366,-0.7054863,6.436201
"<1783681756781>" ,-0.3323202,0.45043236,0.26575148,0.7848886,2.600024,-0.70596457,6.4364367
"<1783681756815>" ,-0.33319104,0.45125735,0.26593083,0.78398424,2.5994542,-0.7064271,6.4365425
"<1783681756848>" ,-0.33338,0.44966382,0.26691824,0.7844838,2.5986576,-0.7067499,6.4364896
"<1783681756883>" ,-0.33230063,0.45027018,0.2660755,0.78488016,2.598436,-0.70657533,6.4364
"<1783681756915>" ,-0.3315224,0.45071933,0.26473296,0.78540534,2.5982876,-0.70621836,6.4361634
"<1783681756948>" ,-0.33122018,0.4495467,0.26452634,0.78627396,2.597805,-0.7060662,6.4357905
